# PA-G-series-01.dat 2000 values t  z(t) 
 0.0  0.168652   
 0.0350175  0.264007   
 0.070035  0.346334   
 0.105053  0.412796   
 0.14007  0.461763   
 0.175088  0.492864   
 0.210105  0.506922   
 0.245123  0.505778   
 0.28014  0.492026   
 0.315158  0.468685   
 0.350175  0.438856   
 0.385193  0.405378   
 0.42021  0.370547   
 0.455228  0.3359   
 0.490245  0.302113   
 0.525263  0.268996   
 0.56028  0.235607   
 0.595298  0.200452   
 0.630315  0.161764   
 0.665333  0.117814   
 0.70035  0.0672328   
 0.735368  0.00929345   
 0.770385 -0.05587   
 0.805403 -0.127136   
 0.84042 -0.20238   
 0.875438 -0.278569   
 0.910455 -0.351968   
 0.945473 -0.418428   
 0.98049 -0.47374   
 1.01551 -0.514008   
 1.05053 -0.536013   
 1.08554 -0.537522   
 1.12056 -0.517521   
 1.15558 -0.476334   
 1.1906 -0.415627   
 1.22561 -0.338292   
 1.26063 -0.248217   
 1.29565 -0.149973   
 1.33067 -0.0484402   
 1.36568  0.0515838   
 1.4007  0.145756   
 1.43572  0.230507   
 1.47074  0.303276   
 1.50575  0.362638   
 1.54077  0.408311   
 1.57579  0.441059   
 1.61081  0.462481   
 1.64582  0.474734   
 1.68084  0.480209   
 1.71586  0.481196   
 1.75088  0.479582   
 1.78589  0.476611   
 1.82091  0.472727   
 1.85593  0.467534   
 1.89095  0.459852   
 1.92596  0.447886   
 1.96098  0.429476   
 1.996  0.402405   
 2.03102  0.36473   
 2.06603  0.315095   
 2.10105  0.253002   
 2.13607  0.178989   
 2.17109  0.0947215   
 2.2061  0.00295119   
 2.24112 -0.0926273   
 2.27614 -0.187628   
 2.31116 -0.277305   
 2.34617 -0.356927   
 2.38119 -0.422167   
 2.41621 -0.469465   
 2.45123 -0.496321   
 2.48624 -0.501505   
 2.52126 -0.485144   
 2.55628 -0.448694   
 2.5913 -0.394793   
 2.62631 -0.327006   
 2.66133 -0.2495   
 2.69635 -0.166672   
 2.73137 -0.0827724   
 2.76638 -0.0015552   
 2.8014  0.0739971   
 2.83642  0.141863   
 2.87144  0.201061   
 2.90645  0.25161   
 2.94147  0.294389   
 2.97649  0.330898   
 3.01151  0.362972   
 3.04652  0.392451   
 3.08154  0.420871   
 3.11656  0.449199   
 3.15158  0.477637   
 3.18659  0.50553   
 3.22161  0.531384   
 3.25663  0.552986   
 3.29165  0.567626   
 3.32666  0.572394   
 3.36168  0.564515   
 3.3967  0.541693   
 3.43172  0.502423   
 3.46673  0.446237   
 3.50175  0.373861   
 3.53677  0.287252   
 3.57179  0.189524   
 3.6068  0.0847548   
 3.64182 -0.0223004   
 3.67684 -0.126568   
 3.71186 -0.223048   
 3.74687 -0.307205   
 3.78189 -0.37532   
 3.81691 -0.424761   
 3.85193 -0.454161   
 3.88694 -0.463474   
 3.92196 -0.453912   
 3.95698 -0.427771   
 3.992 -0.388156   
 4.02701 -0.338656   
 4.06203 -0.282973   
 4.09705 -0.224578   
 4.13207 -0.166393   
 4.16708 -0.110567   
 4.2021 -0.0583387   
 4.23712 -0.0100136   
 4.27214  0.0349449   
 4.30715  0.0777305   
 4.34217  0.11993   
 4.37719  0.163218   
 4.41221  0.209033   
 4.44722  0.258293   
 4.48224  0.311164   
 4.51726  0.366915   
 4.55228  0.423886   
 4.58729  0.47956   
 4.62231  0.53075   
 4.65733  0.573866   
 4.69235  0.605253   
 4.72736  0.621547   
 4.76238  0.620033   
 4.7974  0.598946   
 4.83242  0.557702   
 4.86743  0.497014   
 4.90245  0.418902   
 4.93747  0.326577   
 4.97249  0.224211   
 5.0075  0.116624   
 5.04252  0.0089102   
 5.07754 -0.093959   
 5.11256 -0.187517   
 5.14757 -0.268129   
 5.18259 -0.333236   
 5.21761 -0.381492   
 5.25263 -0.412782   
 5.28764 -0.428129   
 5.32266 -0.429485   
 5.35768 -0.419453   
 5.3927 -0.400952   
 5.42771 -0.376872   
 5.46273 -0.349751   
 5.49775 -0.321514   
 5.53277 -0.293295   
 5.56778 -0.26536   
 5.6028 -0.237151   
 5.63782 -0.207423   
 5.67284 -0.174477   
 5.70785 -0.136453   
 5.74287 -0.0916506   
 5.77789 -0.0388417   
 5.81291  0.0224599   
 5.84792  0.0918062   
 5.88294  0.167721   
 5.91796  0.247717   
 5.95298  0.32843   
 5.98799  0.405851   
 6.02301  0.475643   
 6.05803  0.533505   
 6.09305  0.575549   
 6.12806  0.598658   
 6.16308  0.600779   
 6.1981  0.581123   
 6.23312  0.54026   
 6.26813  0.480087   
 6.30315  0.403683   
 6.33817  0.315048   
 6.37319  0.21878   
 6.4082  0.119688   
 6.44322  0.0224058   
 6.47824 -0.0689649   
 6.51326 -0.151153   
 6.54827 -0.221919   
 6.58329 -0.28015   
 6.61831 -0.325836   
 6.65333 -0.359931   
 6.68834 -0.384135   
 6.72336 -0.400587   
 6.75838 -0.411546   
 6.7934 -0.419064   
 6.82841 -0.424697   
 6.86343 -0.429297   
 6.89845 -0.432894   
 6.93347 -0.434678   
 6.96848 -0.433107   
 7.0035 -0.426096   
 7.03852 -0.411299   
 7.07354 -0.386422   
 7.10855 -0.349564   
 7.14357 -0.299517   
 7.17859 -0.236017   
 7.21361 -0.159902   
 7.24862 -0.0731571   
 7.28364  0.0211483   
 7.31866  0.119044   
 7.35368  0.215937   
 7.38869  0.306957   
 7.42371  0.38735   
 7.45873  0.452858   
 7.49375  0.500069   
 7.52876  0.526696   
 7.56378  0.53175   
 7.5988  0.515598   
 7.63382  0.479904   
 7.66883  0.42745   
 7.70385  0.36186   
 7.73887  0.287264   
 7.77389  0.20792   
 7.8089  0.127846   
 7.84392  0.0504944   
 7.87894 -0.0215014   
 7.91396 -0.086481   
 7.94897 -0.143799   
 7.98399 -0.193756   
 8.01901 -0.237423   
 8.05403 -0.276388   
 8.08904 -0.312451   
 8.12406 -0.347303   
 8.15908 -0.382223   
 8.1941 -0.417838   
 8.22911 -0.453955   
 8.26413 -0.48951   
 8.29915 -0.522612   
 8.33417 -0.550708   
 8.36918 -0.570829   
 8.4042 -0.579906   
 8.43922 -0.575117   
 8.47424 -0.554226   
 8.50925 -0.515886   
 8.54427 -0.45986   
 8.57929 -0.387149   
 8.61431 -0.299998   
 8.64932 -0.201783   
 8.68434 -0.0967961   
 8.71936  0.0100728   
 8.75438  0.113704   
 8.78939  0.209146   
 8.82441  0.291999   
 8.85943  0.358749   
 8.89445  0.407013   
 8.92946  0.435687   
 8.96448  0.444967   
 8.9995  0.436256   
 9.03452  0.411961   
 9.06953  0.375202   
 9.10455  0.329475   
 9.13957  0.27829   
 9.17459  0.224828   
 9.2096  0.171661   
 9.24462  0.12055   
 9.27964  0.0723422   
 9.31466  0.026991   
 9.34967 -0.0163261   
 9.38469 -0.0589928   
 9.41971 -0.102673   
 9.45473 -0.148995   
 9.48974 -0.199239   
 9.52476 -0.254061   
 9.55978 -0.313291   
 9.5948 -0.375817   
 9.62981 -0.439591   
 9.66483 -0.501738   
 9.69985 -0.558769   
 9.73487 -0.606879   
 9.76988 -0.642298   
 9.8049 -0.661654   
 9.83992 -0.662323   
 9.87494 -0.642711   
 9.90995 -0.602464   
 9.94497 -0.542552   
 9.97999 -0.465246   
 10.015 -0.373967   
 10.05 -0.273033   
 10.085 -0.167326   
 10.1201 -0.0619096   
 10.1551  0.0383711   
 10.1901  0.129253   
 10.2251  0.207364   
 10.2601  0.270435   
 10.2951  0.317408   
 10.3302  0.348417   
 10.3652  0.364665   
 10.4002  0.368193   
 10.4352  0.361582   
 10.4702  0.34762   
 10.5053  0.328959   
 10.5403  0.307811   
 10.5753  0.285717   
 10.6103  0.263396   
 10.6453  0.240712   
 10.6803  0.216749   
 10.7154  0.18998   
 10.7504  0.158526   
 10.7854  0.120463   
 10.8204  0.0741455   
 10.8554  0.018511   
 10.8904 -0.0466696   
 10.9255 -0.120627   
 10.9605 -0.201531   
 10.9955 -0.286548   
 11.0305 -0.372001   
 11.0655 -0.453638   
 11.1006 -0.526965   
 11.1356 -0.587623   
 11.1706 -0.631767   
 11.2056 -0.656408   
 11.2406 -0.659688   
 11.2756 -0.641053   
 11.3107 -0.601316   
 11.3457 -0.542592   
 11.3807 -0.468121   
 11.4157 -0.381987   
 11.4507 -0.288779   
 11.4857 -0.193198   
 11.5208 -0.0996824   
 11.5558 -0.0120632   
 11.5908  0.0667047   
 11.6258  0.134714   
 11.6608  0.191163   
 11.6958  0.236298   
 11.7309  0.271252   
 11.7659  0.297793   
 11.8009  0.318018   
 11.8359  0.334024   
 11.8709  0.347598   
 11.906  0.35995   
 11.941  0.371531   
 11.976  0.381949   
 12.011  0.389996   
 12.046  0.393781   
 12.081  0.390958   
 12.1161  0.379019   
 12.1511  0.355626   
 12.1861  0.318944   
 12.2211  0.267936   
 12.2561  0.202588   
 12.2911  0.124036   
 12.3262  0.0345831   
 12.3612 -0.0624035   
 12.3962 -0.162703   
 12.4312 -0.261546   
 12.4662 -0.353978   
 12.5013 -0.435252   
 12.5363 -0.501213   
 12.5713 -0.548624   
 12.6063 -0.575424   
 12.6413 -0.580872   
 12.6763 -0.565569   
 12.7114 -0.531372   
 12.7464 -0.48118   
 12.7814 -0.418647   
 12.8164 -0.347832   
 12.8514 -0.272817   
 12.8864 -0.197362   
 12.9215 -0.124592   
 12.9565 -0.0567759   
 12.9915  0.00479096   
 13.0265  0.0597957   
 13.0615  0.108804   
 13.0965  0.153058   
 13.1316  0.194206   
 13.1666  0.233987   
 13.2016  0.273916   
 13.2366  0.314994   
 13.2716  0.357494   
 13.3067  0.400827   
 13.3417  0.443518   
 13.3767  0.483299   
 13.4117  0.517299   
 13.4467  0.542317   
 13.4817  0.555156   
 13.5168  0.552978   
 13.5518  0.533634   
 13.5868  0.495955   
 13.6218  0.439945   
 13.6568  0.36688   
 13.6918  0.279281   
 13.7269  0.180769   
 13.7619  0.0758169   
 13.7969 -0.030582   
 13.8319 -0.133299   
 13.8669 -0.227467   
 13.902 -0.308853   
 13.937 -0.374169   
 13.972 -0.421297   
 14.007 -0.449397   
 14.042 -0.4589   
 14.077 -0.451381   
 14.1121 -0.429333   
 14.1471 -0.395861   
 14.1821 -0.354336   
 14.2171 -0.30804   
 14.2521 -0.259846   
 14.2871 -0.211953   
 14.3222 -0.165723   
 14.3572 -0.121617   
 14.3922 -0.0792434   
 14.4272 -0.0375121   
 14.4622  0.00512584   
 14.4972  0.0503831   
 14.5323  0.0998167   
 14.5673  0.154523   
 14.6023  0.214879   
 14.6373  0.280369   
 14.6723  0.349503   
 14.7074  0.419854   
 14.7424  0.488208   
 14.7774  0.550802   
 14.8124  0.603648   
 14.8474  0.642895   
 14.8824  0.665193   
 14.9175  0.668032   
 14.9525  0.650012   
 14.9875  0.611014   
 15.0225  0.552263   
 15.0575  0.476266   
 15.0925  0.38663   
 15.1276  0.28779   
 15.1626  0.184655   
 15.1976  0.0822173   
 15.2326 -0.0148343   
 15.2676 -0.10247   
 15.3027 -0.1776   
 15.3377 -0.238258   
 15.3727 -0.283671   
 15.4077 -0.314213   
 15.4427 -0.331246   
 15.4777 -0.336873   
 15.5128 -0.333626   
 15.5478 -0.324131   
 15.5828 -0.310773   
 15.6178 -0.295421   
 15.6528 -0.279214   
 15.6878 -0.262456   
 15.7229 -0.244615   
 15.7579 -0.22443   
 15.7929 -0.200117   
 15.8279 -0.169643   
 15.8629 -0.131048   
 15.8979 -0.0827691   
 15.933 -0.0239298   
 15.968  0.0454275   
 16.003  0.124207   
 16.038  0.210232   
 16.073  0.300335   
 16.1081  0.390553   
 16.1431  0.476421   
 16.1781  0.553323   
 16.2131  0.616877   
 16.2481  0.663309   
 16.2831  0.689785   
 16.3182  0.694657   
 16.3532  0.677614   
 16.3882  0.639703   
 16.4232  0.58324   
 16.4582  0.511601   
 16.4932  0.428925   
 16.5283  0.339753   
 16.5633  0.248646   
 16.5983  0.159813   
 16.6333  0.0767892   
 16.6683  0.00219756   
 16.7034 -0.0623928   
 16.7384 -0.116488   
 16.7734 -0.160579   
 16.8084 -0.195952   
 16.8434 -0.224421   
 16.8784 -0.248009   
 16.9135 -0.268626   
 16.9485 -0.287771   
 16.9835 -0.30629   
 17.0185 -0.324225   
 17.0535 -0.340769   
 17.0885 -0.354325   
 17.1236 -0.362676   
 17.1586 -0.363238   
 17.1936 -0.353372   
 17.2286 -0.330724   
 17.2636 -0.293555   
 17.2986 -0.241016   
 17.3337 -0.173353   
 17.3687 -0.0920023   
 17.4037  0.000426388   
 17.4387  0.100287   
 17.4737  0.203136   
 17.5088  0.304061   
 17.5438  0.398059   
 17.5788  0.480427   
 17.6138  0.54714   
 17.6488  0.595162   
 17.6838  0.622671   
 17.7189  0.629174   
 17.7539  0.615501   
 17.7889  0.58368   
 17.8239  0.536703   
 17.8589  0.478223   
 17.8939  0.412189   
 17.929  0.342481   
 17.964  0.272567   
 17.999  0.205225   
 18.034  0.14235   
 18.069  0.084869   
 18.1041  0.0327711   
 18.1391 -0.0147576   
 18.1741 -0.0591082   
 18.2091 -0.101961   
 18.2441 -0.144968   
 18.2791 -0.189442   
 18.3142 -0.236089   
 18.3492 -0.284816   
 18.3842 -0.334633   
 18.4192 -0.383669   
 18.4542 -0.429295   
 18.4892 -0.468345   
 18.5243 -0.497417   
 18.5593 -0.513219   
 18.5943 -0.512925   
 18.6293 -0.4945   
 18.6643 -0.456968   
 18.6993 -0.400585   
 18.7344 -0.326898   
 18.7694 -0.238691   
 18.8044 -0.139805   
 18.8394 -0.0348655   
 18.8744  0.0710677   
 18.9095  0.172894   
 18.9445  0.265862   
 18.9795  0.345936   
 19.0145  0.410076   
 19.0495  0.456438   
 19.0845  0.484446   
 19.1196  0.494756   
 19.1546  0.489093   
 19.1896  0.470011   
 19.2246  0.440566   
 19.2596  0.403974   
 19.2946  0.363262   
 19.3297  0.320966   
 19.3647  0.2789   
 19.3997  0.238021   
 19.4347  0.198405   
 19.4697  0.159329   
 19.5048  0.119457   
 19.5398  0.0770996   
 19.5748  0.030523   
 19.6098 -0.0217322   
 19.6448 -0.0805558   
 19.6798 -0.146032   
 19.7149 -0.217293   
 19.7499 -0.292474   
 19.7849 -0.368785   
 19.8199 -0.442693   
 19.8549 -0.510194   
 19.8899 -0.567147   
 19.925 -0.609654   
 19.96 -0.634417   
 19.995 -0.639067   
 20.03 -0.622409   
 20.065 -0.584568   
 20.1001 -0.527016   
 20.1351 -0.452478   
 20.1701 -0.364727   
 20.2051 -0.268278   
 20.2401 -0.168031   
 20.2751 -0.0688744   
 20.3102  0.0246946   
 20.3452  0.108905   
 20.3802  0.180967   
 20.4152  0.239223   
 20.4502  0.283182   
 20.4852  0.313445   
 20.5203  0.331512   
 20.5553  0.339521   
 20.5903  0.339925   
 20.6253  0.335155   
 20.6603  0.32731   
 20.6953  0.317891   
 20.7304  0.307631   
 20.7654  0.296416   
 20.8004  0.283326   
 20.8354  0.266776   
 20.8704  0.244746   
 20.9055  0.215079   
 20.9405  0.175809   
 20.9755  0.125476   
 21.0105  0.063414   
 21.0455 -0.0100539   
 21.0805 -0.0935039   
 21.1156 -0.184421   
 21.1506 -0.279324   
 21.1856 -0.373989   
 21.2206 -0.463771   
 21.2556 -0.543967   
 21.2906 -0.610206   
 21.3257 -0.658817   
 21.3607 -0.687142   
 21.3957 -0.693757   
 21.4307 -0.678594   
 21.4657 -0.642928   
 21.5008 -0.589258   
 21.5358 -0.521069   
 21.5708 -0.442516   
 21.6058 -0.358064   
 21.6408 -0.272095   
 21.6758 -0.188561   
 21.7109 -0.110681   
 21.7459 -0.0407288   
 21.7809  0.0200664   
 21.8159  0.0715111   
 21.8509  0.114325   
 21.8859  0.149926   
 21.921  0.180144   
 21.956  0.206901   
 21.991  0.231894   
 22.026  0.256312   
 22.061  0.280626   
 22.096  0.304465   
 22.1311  0.32661   
 22.1661  0.345094   
 22.2011  0.357394   
 22.2361  0.360716   
 22.2711  0.352322   
 22.3062  0.329872   
 22.3412  0.291743   
 22.3762  0.237294   
 22.4112  0.16704   
 22.4462  0.0827145   
 22.4812 -0.0127793   
 22.5163 -0.115538   
 22.5513 -0.220928   
 22.5863 -0.323928   
 22.6213 -0.419519   
 22.6563 -0.503081   
 22.6913 -0.570746   
 22.7264 -0.619698   
 22.7614 -0.648366   
 22.7964 -0.656506   
 22.8314 -0.645164   
 22.8664 -0.616519   
 22.9015 -0.573629   
 22.9365 -0.52011   
 22.9715 -0.459771   
 23.0065 -0.396256   
 23.0415 -0.332718   
 23.0765 -0.271569   
 23.1116 -0.21432   
 23.1466 -0.161533   
 23.1816 -0.112883   
 23.2166 -0.0673273   
 23.2516 -0.0233513   
 23.2866  0.0207307   
 23.3217  0.0664557   
 23.3567  0.114912   
 23.3917  0.166494   
 23.4267  0.220735   
 23.4617  0.276248   
 23.4967  0.330776   
 23.5318  0.381347   
 23.5668  0.424531   
 23.6018  0.456756   
 23.6368  0.474667   
 23.6718  0.475477   
 23.7069  0.457292   
 23.7419  0.419343   
 23.7769  0.362141   
 23.8119  0.287502   
 23.8469  0.198453   
 23.8819  0.0990324   
 23.917 -0.00601509   
 23.952 -0.111599   
 23.987 -0.212682   
 24.022 -0.304666   
 24.057 -0.383733   
 24.092 -0.447112   
 24.1271 -0.49324   
 24.1621 -0.521804   
 24.1971 -0.533667   
 24.2321 -0.530687   
 24.2671 -0.515445   
 24.3022 -0.490922   
 24.3372 -0.460145   
 24.3722 -0.425858   
 24.4072 -0.390241   
 24.4422 -0.354708   
 24.4772 -0.31981   
 24.5123 -0.285243   
 24.5473 -0.249969   
 24.5823 -0.21243   
 24.6173 -0.17082   
 24.6523 -0.123414   
 24.6873 -0.0688747   
 24.7224 -0.00653855   
 24.7574  0.0633734   
 24.7924  0.139638   
 24.8274  0.220023   
 24.8624  0.301394   
 24.8974  0.379925   
 24.9325  0.451397   
 24.9675  0.511557   
 25.0025  0.556487   
 25.0375  0.582975   
 25.0725  0.588812   
 25.1076  0.573024   
 25.1426  0.53598   
 25.1776  0.479392   
 25.2126  0.406185   
 25.2476  0.320265   
 25.2826  0.2262   
 25.3177  0.128842   
 25.3527  0.0329416   
 25.3877 -0.0572272   
 25.4227 -0.138176   
 25.4577 -0.207429   
 25.4927 -0.26364   
 25.5278 -0.306598   
 25.5628 -0.33711   
 25.5978 -0.356793   
 25.6328 -0.367791   
 25.6678 -0.372447   
 25.7029 -0.372974   
 25.7379 -0.371156   
 25.7729 -0.368115   
 25.8079 -0.364166   
 25.8429 -0.358785   
 25.8779 -0.350674   
 25.913 -0.337943   
 25.948 -0.318365   
 25.983 -0.289686   
 26.018 -0.24996   
 26.053 -0.197859   
 26.088 -0.13294   
 26.1231 -0.0558168   
 26.1581  0.0317597   
 26.1931  0.126949   
 26.2281  0.225976   
 26.2631  0.324389   
 26.2981  0.417394   
 26.3332  0.500237   
 26.3682  0.568594   
 26.4032  0.618922   
 26.4382  0.648761   
 26.4732  0.656923   
 26.5083  0.643581   
 26.5433  0.610229   
 26.5783  0.559524   
 26.6133  0.495033   
 26.6483  0.420898   
 26.6833  0.341465   
 26.7184  0.260912   
 26.7534  0.182903   
 26.7884  0.110319   
 26.8234  0.0450773   
 26.8584 -0.0119333   
 26.8934 -0.0608101   
 26.9285 -0.102483   
 26.9635 -0.138476   
 26.9985 -0.170607   
 27.0335 -0.200672   
 27.0685 -0.230127   
 27.1036 -0.259835   
 27.1386 -0.289879   
 27.1736 -0.319477   
 27.2086 -0.347008   
 27.2436 -0.370147   
 27.2786 -0.386095   
 27.3137 -0.391879   
 27.3487 -0.384688   
 27.3837 -0.362224   
 27.4187 -0.323008   
 27.4537 -0.266619   
 27.4887 -0.193845   
 27.5238 -0.106712   
 27.5588 -0.008401   
 27.5938  0.0969532   
 27.6288  0.204556   
 27.6638  0.309315   
 27.6988  0.406235   
 27.7339  0.490805   
 27.7689  0.559346   
 27.8039  0.609279   
 27.8389  0.639291   
 27.8739  0.649386   
 27.909  0.640811   
 27.944  0.615872   
 27.979  0.577666   
 28.014  0.529738   
 28.049  0.475725   
 28.084  0.419005   
 28.1191  0.362393   
 28.1541  0.30792   
 28.1891  0.256707   
 28.2241  0.208955   
 28.2591  0.164042   
 28.2941  0.120716   
 28.3292  0.0773651   
 28.3642  0.0323253   
 28.3992 -0.0157995   
 28.4342 -0.0678524   
 28.4692 -0.1239   
 28.5043 -0.183101   
 28.5393 -0.243673   
 28.5743 -0.30299   
 28.6093 -0.357761   
 28.6443 -0.40432   
 28.6793 -0.438956   
 28.7144 -0.458282   
 28.7494 -0.459585   
 28.7844 -0.441125   
 28.8194 -0.402359   
 28.8544 -0.344055   
 28.8894 -0.268284   
 28.9245 -0.178303   
 28.9595 -0.0783163   
 28.9945  0.0268442   
 29.0295  0.132094   
 29.0645  0.232495   
 29.0995  0.323631   
 29.1346  0.401931   
 29.1696  0.464907   
 29.2046  0.511279   
 29.2396  0.540992   
 29.2746  0.555101   
 29.3097  0.555572   
 29.3447  0.544987   
 29.3797  0.526216   
 29.4147  0.502069   
 29.4497  0.474983   
 29.4847  0.446761   
 29.5198  0.41841   
 29.5548  0.390073   
 29.5898  0.361079   
 29.6248  0.330092   
 29.6598  0.295352   
 29.6948  0.254972   
 29.7299  0.207256   
 29.7649  0.151015   
 29.7999  0.0858312   
 29.8349  0.0122394   
 29.8699 -0.0681834   
 29.905 -0.152848   
 29.94 -0.238293   
 29.975 -0.320428   
 30.01 -0.394856   
 30.045 -0.45724   
 30.08 -0.503681   
 30.1151 -0.531076   
 30.1501 -0.5374   
 30.1851 -0.521908   
 30.2201 -0.485214   
 30.2551 -0.429257   
 30.2901 -0.357141   
 30.3252 -0.272879   
 30.3602 -0.181053   
 30.3952 -0.0864349   
 30.4302  0.00639934   
 30.4652  0.0934255   
 30.5003  0.171459   
 30.5353  0.23835   
 30.5703  0.293067   
 30.6053  0.335664   
 30.6403  0.36714   
 30.6753  0.389204   
 30.7104  0.403977   
 30.7454  0.413662   
 30.7804  0.420226   
 30.8154  0.425119   
 30.8504  0.429069   
 30.8854  0.431975   
 30.9205  0.432902   
 30.9555  0.430194   
 30.9905  0.421679   
 31.0255  0.404947   
 31.0605  0.377678   
 31.0955  0.337973   
 31.1306  0.284658   
 31.1656  0.217528   
 31.2006  0.137495   
 31.2356  0.04663   
 31.2706 -0.051916   
 31.3057 -0.154099   
 31.3407 -0.255267   
 31.3757 -0.350517   
 31.4107 -0.435078   
 31.4457 -0.504704   
 31.4807 -0.55601   
 31.5158 -0.58675   
 31.5508 -0.595982   
 31.5858 -0.584116   
 31.6208 -0.552849   
 31.6558 -0.504977   
 31.6908 -0.444115   
 31.7259 -0.37436   
 31.7609 -0.299908   
 31.7959 -0.224696   
 31.8309 -0.152078   
 31.8659 -0.0845798   
 31.901 -0.0237569   
 31.936  0.029841   
 31.971  0.0765888   
 32.006  0.117606   
 32.041  0.154495   
 32.076  0.189038   
 32.1111  0.222872   
 32.1461  0.257193   
 32.1811  0.292522   
 32.2161  0.328546   
 32.2511  0.364073   
 32.2861  0.397094   
 32.3212  0.424949   
 32.3562  0.444586   
 32.3912  0.452882   
 32.4262  0.446989   
 32.4612  0.424675   
 32.4962  0.384625   
 32.5313  0.326651   
 32.5663  0.251818   
 32.6013  0.162435   
 32.6363  0.0619412   
 32.6713 -0.0453242   
 32.7064 -0.15444   
 32.7414 -0.260279   
 32.7764 -0.357903   
 32.8114 -0.442946   
 32.8464 -0.51194   
 32.8814 -0.562561   
 32.9165 -0.593759   
 32.9515 -0.605777   
 32.9865 -0.600048   
 33.0215 -0.578985   
 33.0565 -0.545687   
 33.0915 -0.503602   
 33.1266 -0.45616   
 33.1616 -0.406445   
 33.1966 -0.356915   
 33.2316 -0.309206   
 33.2666 -0.264051   
 33.3017 -0.221297   
 33.3367 -0.180039   
 33.3717 -0.138841   
 33.4067 -0.0960181   
 33.4417 -0.0499589   
 33.4767  0.00056821   
 33.5118  0.0561422   
 33.5468  0.116492   
 33.5818  0.180396   
 33.6168  0.245691   
 33.6518  0.309394   
 33.6868  0.367924   
 33.7219  0.417408   
 33.7569  0.45403   
 33.7919  0.474404   
 33.8269  0.475914   
 33.8619  0.456998   
 33.8969  0.417346   
 33.932  0.357981   
 33.967  0.281223   
 34.002  0.190531   
 34.037  0.0902491   
 34.072 -0.0147391   
 34.1071 -0.119392   
 34.1421 -0.218904   
 34.1771 -0.309073   
 34.2121 -0.386596   
 34.2471 -0.449278   
 34.2821 -0.496129   
 34.3172 -0.527337   
 34.3522 -0.544137   
 34.3872 -0.548573   
 34.4222 -0.5432   
 34.4572 -0.530746   
 34.4922 -0.513778   
 34.5273 -0.494398   
 34.5623 -0.474021   
 34.5973 -0.453239   
 34.6323 -0.431792   
 34.6673 -0.408652   
 34.7024 -0.382208   
 34.7374 -0.350527   
 34.7724 -0.31166   
 34.8074 -0.263975   
 34.8424 -0.206453   
 34.8774 -0.138933   
 34.9125 -0.0622744   
 34.9475  0.021597   
 34.9825  0.109748   
 35.0175  0.198415   
 35.0525  0.283272   
 35.0875  0.359776   
 35.1226  0.423542   
 35.1576  0.470723   
 35.1926  0.49835   
 35.2276  0.504601   
 35.2626  0.488967   
 35.2976  0.452304   
 35.3327  0.396764   
 35.3677  0.325607   
 35.4027  0.242919   
 35.4377  0.153264   
 35.4727  0.0612987   
 35.5078 -0.0286088   
 35.5428 -0.112711   
 35.5778 -0.188145   
 35.6128 -0.253096   
 35.6478 -0.306843   
 35.6828 -0.349696   
 35.7179 -0.382825   
 35.7529 -0.408002   
 35.7879 -0.427297   
 35.8229 -0.442747   
 35.8579 -0.456047   
 35.8929 -0.468295   
 35.928 -0.479816   
 35.963 -0.490089   
 35.998 -0.497782   
 36.033 -0.500897   
 36.068 -0.497004   
 36.1031 -0.483541   
 36.1381 -0.458149   
 36.1731 -0.419003   
 36.2081 -0.365104   
 36.2431 -0.296498   
 36.2781 -0.214396   
 36.3132 -0.121181   
 36.3482 -0.0202988   
 36.3832  0.0839661   
 36.4182  0.186796   
 36.4532  0.28321   
 36.4882  0.36846   
 36.5233  0.438408   
 36.5583  0.489853   
 36.5933  0.52078   
 36.6283  0.530493   
 36.6633  0.519639   
 36.6983  0.490098   
 36.7334  0.44478   
 36.7684  0.387322   
 36.8034  0.321735   
 36.8384  0.252036   
 36.8734  0.181892   
 36.9085  0.114322   
 36.9435  0.0514866   
 36.9785 -0.00542814   
 37.0135 -0.056203   
 37.0485 -0.101475   
 37.0835 -0.14253   
 37.1186 -0.181026   
 37.1536 -0.218676   
 37.1886 -0.256935   
 37.2236 -0.296719   
 37.2586 -0.338191   
 37.2936 -0.380639   
 37.3287 -0.422469   
 37.3637 -0.461296   
 37.3987 -0.494149   
 37.4337 -0.517753   
 37.4687 -0.528866   
 37.5038 -0.524631   
 37.5388 -0.502911   
 37.5738 -0.46257   
 37.6088 -0.403667   
 37.6438 -0.32754   
 37.6788 -0.23677   
 37.7139 -0.135033   
 37.7489 -0.0268433   
 37.7839  0.0827869   
 37.8189  0.188731   
 37.8539  0.286144   
 37.8889  0.370836   
 37.924  0.439573   
 37.959  0.490297   
 37.994  0.522224   
 38.029  0.535829   
 38.064  0.532712   
 38.099  0.515364   
 38.1341  0.486862   
 38.1691  0.450518   
 38.2041  0.409529   
 38.2391  0.366659   
 38.2741  0.32399   
 38.3092  0.282758   
 38.3442  0.243305   
 38.3792  0.205137   
 38.4142  0.167087   
 38.4492  0.127557   
 38.4842  0.0848202   
 38.5193  0.0373415   
 38.5543 -0.0159216   
 38.5893 -0.0752668   
 38.6243 -0.140077   
 38.6593 -0.208753   
 38.6943 -0.27876   
 38.7294 -0.346781   
 38.7644 -0.408971   
 38.7994 -0.461282   
 38.8344 -0.499828   
 38.8694 -0.521253   
 38.9045 -0.523064   
 38.9395 -0.503895   
 38.9745 -0.463675   
 39.0095 -0.403679   
 39.0445 -0.326459   
 39.0795 -0.235657   
 39.1146 -0.135721   
 39.1496 -0.0315515   
 39.1846  0.0718874   
 39.2196  0.169959   
 39.2546  0.2587   
 39.2896  0.335097   
 39.3247  0.397258   
 39.3597  0.44448   
 39.3947  0.477186   
 39.4297  0.496765   
 39.4647  0.505317   
 39.4997  0.505339   
 39.5348  0.499389   
 39.5698  0.48976   
 39.6048  0.478203   
 39.6398  0.465731   
 39.6748  0.452518   
 39.7099  0.437908   
 39.7449  0.420534   
 39.7799  0.398531   
 39.8149  0.369818   
 39.8499  0.332418   
 39.8849  0.284785   
 39.92  0.22609   
 39.955  0.156448   
 39.99  0.0770399   
 40.025 -0.00986261   
 40.06 -0.101   
 40.095 -0.192331   
 40.1301 -0.279326   
 40.1651 -0.357331   
 40.2001 -0.421948   
 40.2351 -0.469411   
 40.2701 -0.496913   
 40.3052 -0.502847   
 40.3402 -0.486946   
 40.3752 -0.450302   
 40.4102 -0.395261   
 40.4452 -0.325214   
 40.4802 -0.244291   
 40.5153 -0.157001   
 40.5503 -0.0678487   
 40.5853  0.0190335   
 40.6203  0.100201   
 40.6553  0.173127   
 40.6903  0.236337   
 40.7254  0.289416   
 40.7604  0.332916   
 40.7954  0.368153   
 40.8304  0.39694   
 40.8654  0.421264   
 40.9005  0.442969   
 40.9355  0.463455   
 40.9705  0.483453   
 41.0055  0.502879   
 41.0405  0.520795   
 41.0755  0.535485   
 41.1106  0.54463   
 41.1456  0.545567   
 41.1806  0.535613   
 41.2156  0.512398   
 41.2506  0.474197   
 41.2856  0.420205   
 41.3207  0.350728   
 41.3557  0.267277   
 41.3907  0.172536   
 41.4257  0.0702224   
 41.4607 -0.0351659   
 41.4957 -0.138679   
 41.5308 -0.235298   
 41.5658 -0.320329   
 41.6008 -0.389774   
 41.6358 -0.440639   
 41.6708 -0.47115   
 41.7059 -0.480866   
 41.7409 -0.470654   
 41.7759 -0.442565   
 41.8109 -0.399593   
 41.8459 -0.345364   
 41.8809 -0.283773   
 41.916 -0.218624   
 41.951 -0.153286   
 41.986 -0.0904263   
 42.021 -0.0318256   
 42.056  0.0216966   
 42.091  0.0702433   
 42.1261  0.114696   
 42.1611  0.156484   
 42.1961  0.197289   
 42.2311  0.238732   
 42.2661  0.28206   
 42.3012  0.327889   
 42.3362  0.376014   
 42.3712  0.425327   
 42.4062  0.473836   
 42.4412  0.5188   
 42.4762  0.556964   
 42.5113  0.58486   
 42.5463  0.599156   
 42.5813  0.597016   
 42.6163  0.576423   
 42.6513  0.536441   
 42.6863  0.477377   
 42.7214  0.40084   
 42.7564  0.309668   
 42.7914  0.207752   
 42.8264  0.0997473   
 42.8614 -0.00927755   
 42.8964 -0.114234   
 42.9315 -0.210405   
 42.9665 -0.293803   
 43.0015 -0.36145   
 43.0365 -0.411565   
 43.0715 -0.443627   
 43.1066 -0.458334   
 43.1416 -0.457431   
 43.1766 -0.443462   
 43.2116 -0.419448   
 43.2466 -0.388536   
 43.2816 -0.353661   
 43.3167 -0.317245   
 43.3517 -0.280977   
 43.3867 -0.245691   
 43.4217 -0.211342   
 43.4567 -0.177109   
 43.4917 -0.141581   
 43.5268 -0.103029   
 43.5618 -0.05971   
 43.5968 -0.0101921   
 43.6318  0.0463564   
 43.6668  0.109937   
 43.7019  0.179582   
 43.7369  0.25332   
 43.7719  0.328257   
 43.8069  0.400767   
 43.8419  0.466769   
 43.8769  0.522076   
 43.912  0.562762   
 43.947  0.585532   
 43.982  0.58804   
 44.017  0.569129   
 44.052  0.528974   
 44.087  0.469094   
 44.1221  0.392255   
 44.1571  0.302254   
 44.1921  0.203613   
 44.2271  0.101214   
 44.2621 -9.43204e-05   
 44.2971 -0.095876   
 44.3322 -0.182434   
 44.3672 -0.257057   
 44.4022 -0.318168   
 44.4372 -0.365342   
 44.4722 -0.399226   
 44.5073 -0.421342   
 44.5423 -0.433816   
 44.5773 -0.439059   
 44.6123 -0.439429   
 44.6473 -0.436921   
 44.6823 -0.432918   
 44.7174 -0.428023   
 44.7524 -0.42199   
 44.7874 -0.413779   
 44.8224 -0.401703   
 44.8574 -0.383667   
 44.8924 -0.357472   
 44.9275 -0.321139   
 44.9625 -0.273235   
 44.9975 -0.213141   
 45.0325 -0.141255   
 45.0675 -0.0590841   
 45.1026  0.030766   
 45.1376  0.124729   
 45.1726  0.218511   
 45.2076  0.307416   
 45.2426  0.38671   
 45.2776  0.452018   
 45.3127  0.499685   
 45.3477  0.527087   
 45.3827  0.532846   
 45.4177  0.516938   
 45.4527  0.480679   
 45.4877  0.426596   
 45.5228  0.358179   
 45.5578  0.279568   
 45.5928  0.195185   
 45.6278  0.109347   
 45.6628  0.025922   
 45.6978 -0.0519691   
 45.7329 -0.122151   
 45.7679 -0.183489   
 45.8029 -0.235867   
 45.8379 -0.280062   
 45.8729 -0.317514   
 45.908 -0.350046   
 45.943 -0.379538   
 45.978 -0.407611   
 46.013 -0.435353   
 46.048 -0.463115   
 46.083 -0.490399   
 46.1181 -0.515859   
 46.1531 -0.53741   
 46.1881 -0.552433   
 46.2231 -0.558066   
 46.2581 -0.551529   
 46.2931 -0.530474   
 46.3282 -0.4933   
 46.3632 -0.439409   
 46.3982 -0.369378   
 46.4332 -0.285011   
 46.4682 -0.189282   
 46.5033 -0.0861563   
 46.5383  0.0196865   
 46.5733  0.1232   
 46.6083  0.219361   
 46.6433  0.303567   
 46.6783  0.371988   
 46.7134  0.421855   
 46.7484  0.451649   
 46.7834  0.461178   
 46.8184  0.451524   
 46.8534  0.424882   
 46.8884  0.384306   
 46.9235  0.333376   
 46.9585  0.27584   
 46.9935  0.215256   
 47.0285  0.154672   
 47.0635  0.096386   
 47.0985  0.041792   
 47.1336 -0.00865525   
 47.1686 -0.0553685   
 47.2036 -0.099454   
 47.2386 -0.142457   
 47.2736 -0.18606   
 47.3087 -0.23176   
 47.3437 -0.280576   
 47.3787 -0.332806   
 47.4137 -0.387874   
 47.4487 -0.444273   
 47.4837 -0.499629   
 47.5188 -0.550868   
 47.5538 -0.594473   
 47.5888 -0.626816   
 47.6238 -0.644509   
 47.6588 -0.644766   
 47.6938 -0.625713   
 47.7289 -0.586624   
 47.7639 -0.528062   
 47.7989 -0.451899   
 47.8339 -0.361216   
 47.8689 -0.260086   
 47.904 -0.153277   
 47.939 -0.0458771   
 47.974  0.0570999   
 48.009  0.151099   
 48.044  0.232361   
 48.079  0.298182   
 48.1141  0.347062   
 48.1491  0.378744   
 48.1841  0.394131   
 48.2191  0.395094   
 48.2541  0.384201   
 48.2891  0.364385   
 48.3242  0.338598   
 48.3592  0.309486   
 48.3942  0.279109   
 48.4292  0.248756   
 48.4642  0.218848   
 48.4992  0.188969   
 48.5343  0.157984   
 48.5693  0.124266   
 48.6043  0.0859752   
 48.6393  0.0413846   
 48.6743 -0.0108097   
 48.7094 -0.071209   
 48.7444 -0.139507   
 48.7794 -0.214383   
 48.8144 -0.2935   
 48.8494 -0.373624   
 48.8844 -0.450845   
 48.9195 -0.520879   
 48.9545 -0.579431   
 48.9895 -0.62257   
 49.0245 -0.647089   
 49.0595 -0.650812   
 49.0945 -0.632804   
 49.1296 -0.593484   
 49.1646 -0.534607   
 49.1996 -0.459134   
 49.2346 -0.370989   
 49.2696 -0.274732   
 49.3047 -0.175191   
 49.3397 -0.0770639   
 49.3747  0.0154433   
 49.4097  0.098923   
 49.4447  0.170984   
 49.4797  0.230361   
 49.5148  0.276907   
 49.5498  0.311472   
 49.5848  0.335689   
 49.6198  0.351684   
 49.6548  0.36175   
 49.6898  0.368017   
 49.7249  0.372163   
 49.7599  0.375188   
 49.7949  0.377274   
 49.8299  0.377767   
 49.8649  0.375252   
 49.8999  0.367744   
 49.935  0.352945   
 49.97  0.328567   
 50.005  0.292658   
 50.04  0.243919   
 50.075  0.181961   
 50.1101  0.107471   
 50.1451  0.0222829   
 50.1801 -0.0706793   
 50.2151 -0.167563   
 50.2501 -0.263853   
 50.2851 -0.354717   
 50.3202 -0.435381   
 50.3552 -0.501524   
 50.3902 -0.549632   
 50.4252 -0.577281   
 50.4602 -0.583333   
 50.4952 -0.568006   
 50.5303 -0.53283   
 50.5653 -0.480485   
 50.6003 -0.414536   
 50.6353 -0.3391   
 50.6703 -0.258472   
 50.7054 -0.176755   
 50.7404 -0.0975205   
 50.7754 -0.0235485   
 50.8104  0.0433454   
 50.8454  0.102367   
 50.8804  0.15369   
 50.9155  0.198294   
 50.9505  0.237722   
 50.9855  0.273776   
 51.0205  0.3082   
 51.0555  0.342374   
 51.0905  0.377052   
 51.1256  0.412197   
 51.1606  0.446897   
 51.1956  0.479408   
 51.2306  0.507294   
 51.2656  0.527666   
 51.3007  0.537486   
 51.3357  0.533913   
 51.3707  0.514646   
 51.4057  0.478231   
 51.4407  0.424294   
 51.4757  0.353685   
 51.5108  0.268497   
 51.5458  0.171974   
 51.5808  0.0683048   
 51.6158 -0.0376808   
 51.6508 -0.140876   
 51.6858 -0.236291   
 51.7209 -0.319446   
 51.7559 -0.386704   
 51.7909 -0.435542   
 51.8259 -0.464703   
 51.8609 -0.474239   
 51.8959 -0.465429   
 51.931 -0.440596   
 51.966 -0.402819   
 52.001 -0.355603   
 52.036 -0.302515   
 52.071 -0.246838   
 52.1061 -0.191277   
 52.1411 -0.137746   
 52.1761 -0.0872487   
 52.2111 -0.0398805   
 52.2461  0.00506629   
 52.2811  0.0489004   
 52.3162  0.0932582   
 52.3512  0.139792   
 52.3862  0.189852   
 52.4212  0.244209   
 52.4562  0.302829   
 52.4912  0.364758   
 52.5263  0.4281   
 52.5613  0.490114   
 52.5963  0.547413   
 52.6313  0.596253   
 52.6663  0.632875   
 52.7014  0.653869   
 52.7364  0.656526   
 52.7714  0.639132   
 52.8064  0.601189   
 52.8414  0.543516   
 52.8764  0.468237   
 52.9115  0.378653   
 52.9465  0.278997   
 52.9815  0.174112   
 53.0165  0.0690692   
 53.0515 -0.0312281   
 53.0865 -0.122417   
 53.1216 -0.200992   
 53.1566 -0.264536   
 53.1916 -0.311837   
 53.2266 -0.342895   
 53.2616 -0.3588   
 53.2966 -0.361526   
 53.3317 -0.353634   
 53.3667 -0.337941   
 53.4017 -0.317174   
 53.4367 -0.293665   
 53.4717 -0.269095   
 53.5068 -0.244342   
 53.5418 -0.219422   
 53.5768 -0.193553   
 53.6118 -0.165308   
 53.6468 -0.132866   
 53.6818 -0.0943102   
 53.7169 -0.047952   
 53.7519  0.00735866   
 53.7869  0.0719751   
 53.8219  0.145275   
 53.8569  0.225584   
 53.8919  0.310212   
 53.927  0.395606   
 53.962  0.477599   
 53.997  0.551736   
 54.032  0.613649   
 54.067  0.659435   
 54.1021  0.686003   
 54.1371  0.691365   
 54.1721  0.674817   
 54.2071  0.637023   
 54.2421  0.57996   
 54.2771  0.50676   
 54.3122  0.421445   
 54.3472  0.328581   
 54.3822  0.232903   
 54.4172  0.138925   
 54.4522  0.0505947   
 54.4872 -0.0289909   
 54.5223 -0.0977702   
 54.5573 -0.154792   
 54.5923 -0.200176   
 54.6273 -0.234959   
 54.6623 -0.260858   
 54.6973 -0.27997   
 54.7324 -0.294441   
 54.7674 -0.306152   
 54.8024 -0.316441   
 54.8374 -0.32591   
 54.8724 -0.334326   
 54.9075 -0.340626   
 54.9425 -0.343042   
 54.9775 -0.339311   
 55.0125 -0.326964   
 55.0475 -0.303649   
 55.0825 -0.267471   
 55.1176 -0.217289   
 55.1526 -0.152955   
 55.1876 -0.0754542   
 55.2226  0.0130633   
 55.2576  0.109366   
 55.2926  0.209342   
 55.3277  0.308286   
 55.3627  0.401264   
 55.3977  0.483497   
 55.4327  0.550752   
 55.4677  0.59968   
 55.5028  0.628076   
 55.5378  0.635048   
 55.5728  0.621052   
 55.6078  0.587818   
 55.6428  0.538156   
 55.6778  0.475672   
 55.7129  0.404427   
 55.7479  0.328558   
 55.7829  0.251917   
 55.8179  0.177761   
 55.8529  0.108509   
 55.8879  0.0456114   
 55.923 -0.0104753   
 55.958 -0.0601987   
 55.993 -0.104723   
 56.028 -0.145665   
 56.063 -0.184782   
 56.098 -0.223655   
 56.1331 -0.263397   
 56.1681 -0.304417   
 56.2031 -0.346281   
 56.2381 -0.38767   
 56.2731 -0.426454   
 56.3082 -0.459868   
 56.3432 -0.484778   
 56.3782 -0.498004   
 56.4132 -0.496674   
 56.4482 -0.478562   
 56.4832 -0.442379   
 56.5183 -0.38799   
 56.5533 -0.316517   
 56.5883 -0.230334   
 56.6233 -0.132937   
 56.6583 -0.028709   
 56.6933  0.0774038   
 56.7284  0.18027   
 56.7634  0.274969   
 56.7984  0.357175   
 56.8334  0.42347   
 56.8684  0.47159   
 56.9035  0.500541   
 56.9385  0.510617   
 56.9735  0.503279   
 57.0085  0.480945   
 57.0435  0.446697   
 57.0785  0.403927   
 57.1136  0.35599   
 57.1486  0.30587   
 57.1836  0.255909   
 57.2186  0.207623   
 57.2536  0.161626   
 57.2886  0.117663   
 57.3237  0.0747483   
 57.3587  0.0313942   
 57.3937 -0.0140997   
 57.4287 -0.0633286   
 57.4637 -0.117472   
 57.4987 -0.177031   
 57.5338 -0.241633   
 57.5688 -0.309945   
 57.6038 -0.37969   
 57.6388 -0.447778   
 57.6738 -0.510538   
 57.7089 -0.564029   
 57.7439 -0.604393   
 57.7789 -0.628229   
 57.8139 -0.632933   
 57.8489 -0.616973   
 57.8839 -0.580084   
 57.919 -0.523339   
 57.954 -0.449105   
 57.989 -0.36088   
 58.024 -0.263026   
 58.059 -0.160425   
 58.094 -0.0580963   
 58.1291  0.0392015   
 58.1641  0.127327   
 58.1991  0.203051   
 58.2341  0.264255   
 58.2691  0.310016   
 58.3042  0.340577   
 58.3392  0.357204   
 58.3742  0.361943   
 58.4092  0.357321   
 58.4442  0.346006   
 58.4792  0.330475   
 58.5143  0.312721   
 58.5493  0.294034   
 58.5843  0.274875   
 58.6193  0.25486   
 58.6543  0.232854   
 58.6893  0.20716   
 58.7244  0.17579   
 58.7594  0.136777   
 58.7944  0.0884991   
 58.8294  0.0299818   
 58.8644 -0.0388651   
 58.8994 -0.117097   
 58.9345 -0.20269   
 58.9695 -0.292616   
 59.0045 -0.383026   
 59.0395 -0.469526   
 59.0745 -0.547525   
 59.1096 -0.612615   
 59.1446 -0.660953   
 59.1796 -0.689591   
 59.2146 -0.696745   
 59.2496 -0.681949   
 59.2846 -0.646106   
 59.3197 -0.591402   
 59.3547 -0.521117   
 59.3897 -0.439337   
 59.4247 -0.350599   
 59.4597 -0.25951   
 59.4947 -0.17037   
 59.5298 -0.0868395   
 59.5648 -0.0116881   
 59.5998  0.0533601   
 59.6348  0.107666   
 59.6698  0.151602   
 59.7049  0.186371   
 59.7399  0.213751   
 59.7749  0.235778   
 59.8099  0.254428   
 59.8449  0.271302   
 59.8799  0.287384   
 59.915  0.302872   
 59.95  0.317114   
 59.985  0.328654   
 60.02  0.335388   
 60.055  0.334801   
 60.09  0.324278   
 60.1251  0.301439   
 60.1601  0.264469   
 60.1951  0.212407   
 60.2301  0.145357   
 60.2651  0.0646027   
 60.3002 -0.0273942   
 60.3352 -0.127116   
 60.3702 -0.230217   
 60.4052 -0.331836   
 60.4402 -0.426972   
 60.4752 -0.510879   
 60.5103 -0.57944   
 60.5453 -0.629494   
 60.5803 -0.659074   
 60.6153 -0.667536   
 60.6503 -0.655567   
 60.6853 -0.625077   
 60.7204 -0.578983   
 60.7554 -0.520903   
 60.7904 -0.454805   
 60.8254 -0.384633   
 60.8604 -0.313964   
 60.8954 -0.245713   
 60.9305 -0.181928   
 60.9655 -0.12369   
 61.0005 -0.0711257   
 61.0355 -0.0235282   
 61.0705  0.0204283   
 61.1056  0.0624073   
 61.1406  0.104094   
 61.1756  0.146882   
 61.2106  0.191596   
 61.2456  0.238289   
 61.2806  0.286128   
 61.3157  0.333391   
 61.3507  0.377581   
 61.3857  0.415628   
 61.4207  0.444182   
 61.4557  0.459953   
 61.4907  0.460068   
 61.5258  0.442401   
 61.5608  0.405851   
 61.5958  0.350525   
 61.6308  0.277821   
 61.6658  0.190379   
 61.7009  0.0919253   
 61.7359 -0.0129918   
 61.7709 -0.119345   
 61.8059 -0.222013   
 61.8409 -0.316183   
 61.8759 -0.397709   
 61.911 -0.463416   
 61.946 -0.511309   
 61.981 -0.540663   
 62.016 -0.551998   
 62.051 -0.54694   
 62.086 -0.527979   
 62.1211 -0.498163   
 62.1561 -0.460744   
 62.1911 -0.418835   
 62.2261 -0.375093   
 62.2611 -0.331479   
 62.2961 -0.289106   
 62.3312 -0.248202   
 62.3662 -0.208169   
 62.4012 -0.167766   
 62.4362 -0.12535   
 62.4712 -0.0791837   
 62.5063 -0.0277562   
 62.5413  0.0299189   
 62.5763  0.0940565   
 62.6113  0.163938   
 62.6463  0.237855   
 62.6813  0.313162   
 62.7164  0.386441   
 62.7514  0.453766   
 62.7864  0.51103   
 62.8214  0.554313   
 62.8564  0.580252   
 62.8914  0.586372   
 62.9265  0.571342   
 62.9615  0.535135   
 62.9965  0.479076   
 63.0315  0.405757   
 63.0665  0.318849   
 63.1016  0.222812   
 63.1366  0.122534   
 63.1716  0.022943   
 63.2066 -0.0713792   
 63.2416 -0.15654   
 63.2766 -0.229605   
 63.3117 -0.288762   
 63.3467 -0.333376   
 63.3817 -0.363923   
 63.4167 -0.381818   
 63.4517 -0.389157   
 63.4867 -0.388402   
 63.5218 -0.382043   
 63.5568 -0.372279   
 63.5918 -0.360747   
 63.6268 -0.348331   
 63.6618 -0.335076   
 63.6968 -0.320204   
 63.7319 -0.302246   
 63.7669 -0.279257   
 63.8019 -0.249109   
 63.8369 -0.209813   
 63.8719 -0.15984   
 63.907 -0.0984127   
 63.942 -0.0257151   
 63.977  0.056982   
 64.012  0.147315   
 64.047  0.241934   
 64.082  0.336718   
 64.1171  0.42708   
 64.1521  0.508326   
 64.1871  0.576047   
 64.2221  0.626487   
 64.2571  0.656865   
 64.2921  0.665616   
 64.3272  0.652518   
 64.3622  0.618704   
 64.3972  0.566552   
 64.4322  0.499463   
 64.4672  0.421555   
 64.5023  0.337302   
 64.5373  0.251149   
 64.5723  0.167149   
 64.6073  0.0886531   
 64.6423  0.0180887   
 64.6773 -0.0431622   
 64.7124 -0.094767   
 64.7474 -0.137335   
 64.7824 -0.172215   
 64.8174 -0.201214   
 64.8524 -0.226285   
 64.8874 -0.2492   
 64.9225 -0.271265   
 64.9575 -0.293093   
 64.9925 -0.314471   
 65.0275 -0.334334   
 65.0625 -0.350846   
 65.0975 -0.361587   
 65.1326 -0.363821   
 65.1676 -0.354817   
 65.2026 -0.332192   
 65.2376 -0.294238   
 65.2726 -0.240192   
 65.3077 -0.170421   
 65.3427 -0.0865067   
 65.3777  0.00879173   
 65.4127  0.111691   
 65.4477  0.21764   
 65.4827  0.321657   
 65.5178  0.41871   
 65.5528  0.504118   
 65.5878  0.573914   
 65.6228  0.625146   
 65.6578  0.656096   
 65.6928  0.666368   
 65.7279  0.656872   
 65.7629  0.629681   
 65.7979  0.587788   
 65.8329  0.53479   
 65.8679  0.47453   
 65.903  0.41073   
 65.938  0.346661   
 65.973  0.284878   
 66.008  0.227049   
 66.043  0.173885   
 66.078  0.125193   
 66.1131  0.0800247   
 66.1481  0.0369172   
 66.1831 -0.0058131   
 66.2181 -0.0497514   
 66.2531 -0.0960791   
 66.2881 -0.145318   
 66.3232 -0.197153   
 66.3582 -0.250352   
 66.3932 -0.302806   
 66.4282 -0.351665   
 66.4632 -0.393581   
 66.4982 -0.42502   
 66.5333 -0.442614   
 66.5683 -0.443518   
 66.6033 -0.425731   
 66.6383 -0.388355   
 66.6733 -0.33175   
 66.7084 -0.257581   
 66.7434 -0.16874   
 66.7784 -0.0691611   
 66.8134  0.0364754   
 66.8484  0.143096   
 66.8834  0.245628   
 66.9185  0.339396   
 66.9535  0.420464   
 66.9885  0.48592   
 67.0235  0.534047   
 67.0585  0.564383   
 67.0935  0.577668   
 67.1286  0.575668   
 67.1636  0.560919   
 67.1986  0.536402   
 67.2336  0.505199   
 67.2686  0.47015   
 67.3037  0.433566   
 67.3387  0.397012   
 67.3737  0.361195   
 67.4087  0.325958   
 67.4437  0.29038   
 67.4787  0.252981   
 67.5138  0.211991   
 67.5488  0.165665   
 67.5838  0.1126   
 67.6188  0.0520261   
 67.6538 -0.0159749   
 67.6888 -0.0903332   
 67.7239 -0.16897   
 67.7589 -0.248887   
 67.7939 -0.326364   
 67.8289 -0.39725   
 67.8639 -0.457305   
 67.8989 -0.502581   
 67.934 -0.529783   
 67.969 -0.536589   
 68.004 -0.521881   
 68.039 -0.485878   
 68.074 -0.430145   
 68.1091 -0.357485   
 68.1441 -0.271715   
 68.1791 -0.177358   
 68.2141 -0.0792737   
 68.2491  0.0177359   
 68.2841  0.109298   
 68.3192  0.191795   
 68.3542  0.2626   
 68.3892  0.320215   
 68.4242  0.364286   
 68.4592  0.395508   
 68.4942  0.415424   
 68.5293  0.426151   
 68.5643  0.430055   
 68.5993  0.429421   
 68.6343  0.426145   
 68.6693  0.42149   
 68.7044  0.415928   
 68.7394  0.409088   
 68.7744  0.399809   
 68.8094  0.386307   
 68.8444  0.366414   
 68.8794  0.337892   
 68.9145  0.298756   
 68.9495  0.247597   
 68.9845  0.18385   
 69.0195  0.107985   
 69.0545  0.0215985   
 69.0895 -0.0726167   
 69.1246 -0.171009   
 69.1596 -0.269217   
 69.1946 -0.36249   
 69.2296 -0.44607   
 69.2646 -0.515578   
 69.2996 -0.567376   
 69.3347 -0.598873   
 69.3697 -0.608735   
 69.4047 -0.596983   
 69.4397 -0.564972   
 69.4747 -0.51525   
 69.5098 -0.451314   
 69.5448 -0.377281   
 69.5798 -0.297525   
 69.6148 -0.216296   
 69.6498 -0.137373   
 69.6848 -0.0637764   
 69.7199  0.00242047   
 69.7549  0.0601788   
 69.7899  0.109463   
 69.8249  0.151105   
 69.8599  0.18657   
 69.8949  0.217672   
 69.93  0.246247   
 69.965  0.273843   
 70  0.301448   

