20 0.0672328 0.0626064
21 0.00929345 0.0047614
22 -0.05587 -0.0603206
23 -0.127136 -0.131545
24 -0.20238 -0.206767
25 -0.278569 -0.282977
26 -0.351968 -0.356415
27 -0.418428 -0.422936
28 -0.47374 -0.478325
29 -0.514008 -0.518682
30 -0.536013 -0.540763
31 -0.537522 -0.542328
32 -0.517521 -0.522352
33 -0.476334 -0.481153
34 -0.415627 -0.420409
35 -0.338292 -0.343008
36 -0.248217 -0.252838
37 -0.149973 -0.154475
38 -0.0484402 -0.0528044
39 0.0515838 0.0473582
40 0.145756 0.141653
41 0.230507 0.226508
42 0.303276 0.29935
43 0.362638 0.35877
44 0.408311 0.404468
45 0.441059 0.437218
46 0.462481 0.458605
47 0.474734 0.470826
48 0.480209 0.476254
49 0.481196 0.4772
50 0.479582 0.475568
51 0.476611 0.472607
52 0.472727 0.468762
53 0.467534 0.463642
54 0.459852 0.456052
55 0.447886 0.444233
56 0.429476 0.425972
57 0.402405 0.399074
58 0.36473 0.361574
59 0.315095 0.312104
60 0.253002 0.250155
61 0.178989 0.176253
62 0.0947215 0.0920835
63 0.00295119 0.000367509
64 -0.0926273 -0.0951833
65 -0.187628 -0.190192
66 -0.277305 -0.279893
67 -0.356927 -0.359542
68 -0.422167 -0.424819
69 -0.469465 -0.472134
70 -0.496321 -0.498982
71 -0.501505 -0.504147
72 -0.485144 -0.487718
73 -0.448694 -0.451188
74 -0.394793 -0.397155
75 -0.327006 -0.329215
76 -0.2495 -0.251546
77 -0.166672 -0.16855
78 -0.0827724 -0.0844877
79 -0.0015552 -0.00311595
80 0.0739971 0.0725699
81 0.141863 0.14054
82 0.201061 0.199806
83 0.25161 0.250386
84 0.294389 0.293184
85 0.330898 0.32969
86 0.362972 0.361758
87 0.392451 0.391209
88 0.420871 0.419636
89 0.449199 0.44798
90 0.477637 0.476449
91 0.50553 0.504425
92 0.531384 0.530398
93 0.552986 0.552137
94 0.567626 0.566941
95 0.572394 0.571894
96 0.564515 0.56422
97 0.541693 0.541588
98 0.502423 0.502501
99 0.446237 0.446475
100 0.373861 0.374226
101 0.287252 0.287708
102 0.189524 0.190057
103 0.0847548 0.0853113
104 -0.0223004 -0.0217368
105 -0.126568 -0.126011
106 -0.223048 -0.222505
107 -0.307205 -0.306681
108 -0.37532 -0.374792
109 -0.424761 -0.424194
110 -0.454161 -0.453542
111 -0.463474 -0.462775
112 -0.453912 -0.453101
113 -0.427771 -0.426819
114 -0.388156 -0.387036
115 -0.338656 -0.33737
116 -0.282973 -0.281499
117 -0.224578 -0.222954
118 -0.166393 -0.164616
119 -0.110567 -0.108683
120 -0.0583387 -0.0563613
121 -0.0100136 -0.00798644
122 0.0349449 0.0369958
123 0.0777305 0.0797848
124 0.11993 0.121962
125 0.163218 0.165215
126 0.209033 0.21101
127 0.258293 0.260272
128 0.311164 0.31316
129 0.366915 0.368943
130 0.423886 0.425998
131 0.47956 0.481775
132 0.53075 0.53311
133 0.573866 0.576384
134 0.605253 0.60796
135 0.621547 0.624423
136 0.620033 0.62308
137 0.598946 0.602153
138 0.557702 0.561051
139 0.497014 0.500449
140 0.418902 0.422408
141 0.326577 0.330114
142 0.224211 0.227752
143 0.116624 0.120143
144 0.0089102 0.0123971
145 -0.093959 -0.0905084
146 -0.187517 -0.184087
147 -0.268129 -0.264714
148 -0.333236 -0.329808
149 -0.381492 -0.378025
150 -0.412782 -0.409226
151 -0.428129 -0.424479
152 -0.429485 -0.425718
153 -0.419453 -0.415557
154 -0.400952 -0.396893
155 -0.376872 -0.372677
156 -0.349751 -0.34544
157 -0.321514 -0.317105
158 -0.293295 -0.288809
159 -0.26536 -0.260841
160 -0.237151 -0.232643
161 -0.207423 -0.202935
162 -0.174477 -0.170037
163 -0.136453 -0.132082
164 -0.0916506 -0.0873513
165 -0.0388417 -0.0346038
166 0.0224599 0.0266562
167 0.0918062 0.0959768
168 0.167721 0.171904
169 0.247717 0.251945
170 0.32843 0.332729
171 0.405851 0.410253
172 0.475643 0.480171
173 0.533505 0.538159
174 0.575549 0.580329
175 0.598658 0.603566
176 0.600779 0.605787
177 0.581123 0.5862
178 0.54026 0.545371
179 0.480087 0.485194
180 0.403683 0.408766
181 0.315048 0.320076
182 0.21878 0.22375
183 0.119688 0.124559
184 0.0224058 0.0272001
185 -0.0689649 -0.0642385
186 -0.151153 -0.146481
187 -0.221919 -0.217271
188 -0.28015 -0.275489
189 -0.325836 -0.321131
190 -0.359931 -0.355171
191 -0.384135 -0.379312
192 -0.400587 -0.395648
193 -0.411546 -0.406534
194 -0.419064 -0.413961
195 -0.424697 -0.419532
196 -0.429297 -0.424101
197 -0.432894 -0.427702
198 -0.434678 -0.42952
199 -0.433107 -0.428021
200 -0.426096 -0.421093
201 -0.411299 -0.40643
202 -0.386422 -0.381661
203 -0.349564 -0.344948
204 -0.299517 -0.295006
205 -0.236017 -0.231609
206 -0.159902 -0.155562
207 -0.0731571 -0.0688552
208 0.0211483 0.0254522
209 0.119044 0.12337
210 0.215937 0.220308
211 0.306957 0.31139
212 0.38735 0.391874
213 0.452858 0.457431
214 0.500069 0.504703
215 0.526696 0.531353
216 0.53175 0.536407
217 0.515598 0.520223
218 0.479904 0.484463
219 0.42745 0.431905
220 0.36186 0.366199
221 0.287264 0.291477
222 0.20792 0.211995
223 0.127846 0.131784
224 0.0504944 0.0543205
225 -0.0215014 -0.0177599
226 -0.086481 -0.0828051
227 -0.143799 -0.140161
228 -0.193756 -0.190112
229 -0.237423 -0.233755
230 -0.276388 -0.27269
231 -0.312451 -0.308706
232 -0.347303 -0.343517
233 -0.382223 -0.378414
234 -0.417838 -0.414032
235 -0.453955 -0.450167
236 -0.48951 -0.485795
237 -0.522612 -0.518986
238 -0.550708 -0.547221
239 -0.570829 -0.567487
240 -0.579906 -0.576744
241 -0.575117 -0.572133
242 -0.554226 -0.551409
243 -0.515886 -0.513224
244 -0.45986 -0.457336
245 -0.387149 -0.384738
246 -0.299998 -0.29766
247 -0.201783 -0.199478
248 -0.0967961 -0.0945109
249 0.0100728 0.0123791
250 0.113704 0.116021
251 0.209146 0.211494
252 0.291999 0.294362
253 0.358749 0.361111
254 0.407013 0.409344
255 0.435687 0.437963
256 0.444967 0.447151
257 0.436256 0.438323
258 0.411961 0.413876
259 0.375202 0.37696
260 0.329475 0.331065
261 0.27829 0.279702
262 0.224828 0.226081
263 0.171661 0.172785
264 0.12055 0.121556
265 0.0723422 0.0732739
266 0.026991 0.0278812
267 -0.0163261 -0.0154607
268 -0.0589928 -0.0581267
269 -0.102673 -0.101786
270 -0.148995 -0.14808
271 -0.199239 -0.198319
272 -0.254061 -0.253154
273 -0.313291 -0.312408
274 -0.375817 -0.37499
275 -0.439591 -0.438878
276 -0.501738 -0.501142
277 -0.558769 -0.558331
278 -0.606879 -0.606628
279 -0.642298 -0.642244
280 -0.661654 -0.661787
281 -0.662323 -0.662647
282 -0.642711 -0.643198
283 -0.602464 -0.603099
284 -0.542552 -0.54328
285 -0.465246 -0.466072
286 -0.373967 -0.374828
287 -0.273033 -0.273904
288 -0.167326 -0.168196
289 -0.0619096 -0.0627799
290 0.0383711 0.0375164
291 0.129253 0.128395
292 0.207364 0.206492
293 0.270435 0.269498
294 0.317408 0.316402
295 0.348417 0.347293
296 0.364665 0.363414
297 0.368193 0.366771
298 0.361582 0.359991
299 0.34762 0.345856
300 0.328959 0.327033
301 0.307811 0.305731
302 0.285717 0.283514
303 0.263396 0.261096
304 0.240712 0.238369
305 0.216749 0.21437
306 0.18998 0.187598
307 0.158526 0.156166
308 0.120463 0.118139
309 0.0741455 0.0718561
310 0.018511 0.0162378
311 -0.0466696 -0.048945
312 -0.120627 -0.122923
313 -0.201531 -0.20389
314 -0.286548 -0.288999
315 -0.372001 -0.374567
316 -0.453638 -0.456364
317 -0.526965 -0.529853
318 -0.587623 -0.590686
319 -0.631767 -0.635002
320 -0.656408 -0.659802
321 -0.659688 -0.663211
322 -0.641053 -0.644675
323 -0.601316 -0.60502
324 -0.542592 -0.546338
325 -0.468121 -0.47187
326 -0.381987 -0.385718
327 -0.288779 -0.292484
328 -0.193198 -0.19686
329 -0.0996824 -0.103326
330 -0.0120632 -0.0156855
331 0.0667047 0.0630759
332 0.134714 0.131054
333 0.191163 0.187433
334 0.236298 0.232474
335 0.271252 0.267312
336 0.297793 0.293716
337 0.318018 0.313794
338 0.334024 0.329673
339 0.347598 0.343119
340 0.35995 0.35536
341 0.371531 0.366864
342 0.381949 0.377243
343 0.389996 0.385282
344 0.393781 0.389099
345 0.390958 0.386337
346 0.379019 0.374461
347 0.355626 0.351136
348 0.318944 0.31453
349 0.267936 0.263592
350 0.202588 0.198282
351 0.124036 0.119738
352 0.0345831 0.0302607
353 -0.0624035 -0.0667874
354 -0.162703 -0.167174
355 -0.261546 -0.266116
356 -0.353978 -0.358659
357 -0.435252 -0.440055
358 -0.501213 -0.506135
359 -0.548624 -0.553643
360 -0.575424 -0.580526
361 -0.580872 -0.586002
362 -0.565569 -0.570695
363 -0.531372 -0.536478
364 -0.48118 -0.486228
365 -0.418647 -0.423637
366 -0.347832 -0.352729
367 -0.272817 -0.277624
368 -0.197362 -0.202102
369 -0.124592 -0.129254
370 -0.0567759 -0.0614195
371 0.00479096 0.00015054
372 0.0597957 0.0551316
373 0.108804 0.104079
374 0.153058 0.14826
375 0.194206 0.18932
376 0.233987 0.229015
377 0.273916 0.268867
378 0.314994 0.309861
379 0.357494 0.35233
380 0.400827 0.395651
381 0.443518 0.438372
382 0.483299 0.478217
383 0.517299 0.512312
384 0.542317 0.537446
385 0.555156 0.550418
386 0.552978 0.548368
387 0.533634 0.52915
388 0.495955 0.491591
389 0.439945 0.435667
390 0.36688 0.362659
391 0.279281 0.275075
392 0.180769 0.176564
393 0.0758169 0.0715767
394 -0.030582 -0.0348859
395 -0.133299 -0.137655
396 -0.227467 -0.231868
397 -0.308853 -0.313309
398 -0.374169 -0.378655
399 -0.421297 -0.425786
400 -0.449397 -0.453842
401 -0.4589 -0.46329
402 -0.451381 -0.455674
403 -0.429333 -0.4335
404 -0.395861 -0.399882
405 -0.354336 -0.358226
406 -0.30804 -0.311796
407 -0.259846 -0.263478
408 -0.211953 -0.215477
409 -0.165723 -0.169187
410 -0.121617 -0.125029
411 -0.0792434 -0.0826435
412 -0.0375121 -0.0409308
413 0.00512584 0.00166681
414 0.0503831 0.0468851
415 0.0998167 0.0962741
416 0.154523 0.15095
417 0.214879 0.211297
418 0.280369 0.276817
419 0.349503 0.345984
420 0.419854 0.416424
421 0.488208 0.484904
422 0.550802 0.547647
423 0.603648 0.600666
424 0.642895 0.64009
425 0.665193 0.662565
426 0.668032 0.66557
427 0.650012 0.647689
428 0.611014 0.608816
429 0.552263 0.550156
430 0.476266 0.474214
431 0.38663 0.384602
432 0.28779 0.285762
433 0.184655 0.182615
434 0.0822173 0.0801699
435 -0.0148343 -0.0168959
436 -0.10247 -0.104536
437 -0.1776 -0.179637
438 -0.238258 -0.240241
439 -0.283671 -0.285563
440 -0.314213 -0.315985
441 -0.331246 -0.332873
442 -0.336873 -0.338336
443 -0.333626 -0.334919
444 -0.324131 -0.325251
445 -0.310773 -0.311713
446 -0.295421 -0.296218
447 -0.279214 -0.279889
448 -0.262456 -0.263058
449 -0.244615 -0.245159
450 -0.22443 -0.224948
451 -0.200117 -0.200628
452 -0.169643 -0.170163
453 -0.131048 -0.1316
454 -0.0827691 -0.0833484
455 -0.0239298 -0.024512
456 0.0454275 0.0448573
457 0.124207 0.123703
458 0.210232 0.209808
459 0.300335 0.300026
460 0.390553 0.390381
461 0.476421 0.476426
462 0.553323 0.553513
463 0.616877 0.61726
464 0.663309 0.663881
465 0.689785 0.690535
466 0.694657 0.695541
467 0.677614 0.678616
468 0.639703 0.640788
469 0.58324 0.58439
470 0.511601 0.512768
471 0.428925 0.430102
472 0.339753 0.340918
473 0.248646 0.249801
474 0.159813 0.160963
475 0.0767892 0.0779685
476 0.00219756 0.00342448
477 -0.0623928 -0.0610915
478 -0.116488 -0.115086
479 -0.160579 -0.159041
480 -0.195952 -0.194263
481 -0.224421 -0.222556
482 -0.248009 -0.245963
483 -0.268626 -0.266406
484 -0.287771 -0.2854
485 -0.30629 -0.303793
486 -0.324225 -0.32163
487 -0.340769 -0.338101
488 -0.354325 -0.351612
489 -0.362676 -0.359965
490 -0.363238 -0.360554
491 -0.353372 -0.350725
492 -0.330724 -0.328109
493 -0.293555 -0.290976
494 -0.241016 -0.238451
495 -0.173353 -0.170775
496 -0.0920023 -0.0893757
497 0.000426388 0.00311657
498 0.100287 0.103085
499 0.203136 0.206066
500 0.304061 0.307151
501 0.398059 0.40131
502 0.480427 0.48384
503 0.54714 0.55071
504 0.595162 0.598864
505 0.622671 0.626479
506 0.629174 0.633058
507 0.615501 0.619429
508 0.58368 0.587623
509 0.536703 0.540625
510 0.478223 0.482121
511 0.412189 0.416037
512 0.342481 0.346299
513 0.272567 0.276367
514 0.205225 0.209027
515 0.14235 0.146169
516 0.084869 0.0887438
517 0.0327711 0.0367361
518 -0.0147576 -0.0106854
519 -0.0591082 -0.0549032
520 -0.101961 -0.0976031
521 -0.144968 -0.140475
522 -0.189442 -0.184824
523 -0.236089 -0.23136
524 -0.284816 -0.279997
525 -0.334633 -0.32977
526 -0.383669 -0.378795
527 -0.429295 -0.424435
528 -0.468345 -0.463532
529 -0.497417 -0.492681
530 -0.513219 -0.508566
531 -0.512925 -0.508354
532 -0.4945 -0.49
533 -0.456968 -0.452525
534 -0.400585 -0.396163
535 -0.326898 -0.322467
536 -0.238691 -0.234232
537 -0.139805 -0.135275
538 -0.0348655 -0.0302488
539 0.0710677 0.0757891
540 0.172894 0.177723
541 0.265862 0.2708
542 0.345936 0.350978
543 0.410076 0.415168
544 0.456438 0.461575
545 0.484446 0.489584
546 0.494756 0.499876
547 0.489093 0.494153
548 0.470011 0.475002
549 0.440566 0.445454
550 0.403974 0.408779
551 0.363262 0.367972
552 0.320966 0.325613
553 0.2789 0.283494
554 0.238021 0.24261
555 0.198405 0.20301
556 0.159329 0.163977
557 0.119457 0.124165
558 0.0770996 0.0819016
559 0.030523 0.0354121
560 -0.0217322 -0.0167496
561 -0.0805558 -0.075508
562 -0.146032 -0.140935
563 -0.217293 -0.212186
564 -0.292474 -0.287376
565 -0.368785 -0.363743
566 -0.442693 -0.43774
567 -0.510194 -0.505354
568 -0.567147 -0.562437
569 -0.609654 -0.605089
570 -0.634417 -0.629974
571 -0.639067 -0.634752
572 -0.622409 -0.61819
573 -0.584568 -0.580428
574 -0.527016 -0.522913
575 -0.452478 -0.448387
576 -0.364727 -0.36062
577 -0.268278 -0.264122
578 -0.168031 -0.16383
579 -0.0688744 -0.0646296
580 0.0246946 0.0289791
581 0.108905 0.113218
582 0.180967 0.185283
583 0.239223 0.243501
584 0.283182 0.287394
585 0.313445 0.317557
586 0.331512 0.335493
587 0.339521 0.343375
588 0.339925 0.343618
589 0.335155 0.338706
590 0.32731 0.330731
591 0.317891 0.321195
592 0.307631 0.310851
593 0.296416 0.299574
594 0.283326 0.286472
595 0.266776 0.26993
596 0.244746 0.247919
597 0.215079 0.218299
598 0.175809 0.179069
599 0.125476 0.128772
600 0.063414 0.0667384
601 -0.0100539 -0.00675124
602 -0.0935039 -0.0902309
603 -0.184421 -0.181233
604 -0.279324 -0.276237
605 -0.373989 -0.371042
606 -0.463771 -0.460995
607 -0.543967 -0.541358
608 -0.610206 -0.607781
609 -0.658817 -0.656568
610 -0.687142 -0.685038
611 -0.693757 -0.691783
612 -0.678594 -0.67672
613 -0.642928 -0.64112
614 -0.589258 -0.587495
615 -0.521069 -0.519308
616 -0.442516 -0.440757
617 -0.358064 -0.35629
618 -0.272095 -0.270305
619 -0.188561 -0.186797
620 -0.110681 -0.108933
621 -0.0407288 -0.0390279
622 0.0200664 0.0216775
623 0.0715111 0.0730118
624 0.114325 0.115671
625 0.149926 0.151111
626 0.180144 0.181141
627 0.206901 0.207718
628 0.231894 0.232548
629 0.256312 0.256801
630 0.280626 0.280984
631 0.304465 0.304717
632 0.32661 0.3268
633 0.345094 0.345245
634 0.357394 0.357542
635 0.360716 0.360888
636 0.352322 0.352504
637 0.329872 0.330074
638 0.291743 0.291966
639 0.237294 0.237513
640 0.16704 0.167216
641 0.0827145 0.082821
642 -0.0127793 -0.0127587
643 -0.115538 -0.115661
644 -0.220928 -0.221224
645 -0.323928 -0.324388
646 -0.419519 -0.420157
647 -0.503081 -0.503913
648 -0.570746 -0.571753
649 -0.619698 -0.62085
650 -0.648366 -0.649629
651 -0.656506 -0.657873
652 -0.645164 -0.64659
653 -0.616519 -0.617968
654 -0.573629 -0.575088
655 -0.52011 -0.521565
656 -0.459771 -0.461215
657 -0.396256 -0.397701
658 -0.332718 -0.334167
659 -0.271569 -0.273067
660 -0.21432 -0.215882
661 -0.161533 -0.163193
662 -0.112883 -0.114668
663 -0.0673273 -0.0692726
664 -0.0233513 -0.0254686
665 0.0207307 0.0184287
666 0.0664557 0.0639854
667 0.114912 0.112283
668 0.166494 0.163724
669 0.220735 0.217839
670 0.276248 0.273279
671 0.330776 0.327767
672 0.381347 0.37833
673 0.424531 0.421529
674 0.456756 0.453786
675 0.474667 0.471739
676 0.475477 0.472577
677 0.457292 0.454424
678 0.419343 0.416476
679 0.362141 0.359264
680 0.287502 0.284556
681 0.198453 0.195414
682 0.0990324 0.0958747
683 -0.00601509 -0.0093127
684 -0.111599 -0.115042
685 -0.212682 -0.216285
686 -0.304666 -0.308414
687 -0.383733 -0.38761
688 -0.447112 -0.451113
689 -0.49324 -0.497306
690 -0.521804 -0.525911
691 -0.533667 -0.537782
692 -0.530687 -0.534787
693 -0.515445 -0.519511
694 -0.490922 -0.494957
695 -0.460145 -0.464137
696 -0.425858 -0.429812
697 -0.390241 -0.394168
698 -0.354708 -0.358655
699 -0.31981 -0.323812
700 -0.285243 -0.289315
701 -0.249969 -0.254151
702 -0.21243 -0.216738
703 -0.17082 -0.175257
704 -0.123414 -0.128
705 -0.0688747 -0.0735805
706 -0.00653855 -0.0113858
707 0.0633734 0.0584389
708 0.139638 0.134652
709 0.220023 0.215023
710 0.301394 0.296401
711 0.379925 0.374964
712 0.451397 0.446506
713 0.511557 0.506757
714 0.556487 0.551758
715 0.582975 0.578345
716 0.588812 0.584233
717 0.573024 0.568498
718 0.53598 0.53145
719 0.479392 0.474858
720 0.406185 0.401592
721 0.320265 0.315599
722 0.2262 0.22144
723 0.128842 0.123984
724 0.0329416 0.0279825
725 -0.0572272 -0.0622732
726 -0.138176 -0.143284
727 -0.207429 -0.212568
728 -0.26364 -0.26879
729 -0.306598 -0.311718
730 -0.33711 -0.342174
731 -0.356793 -0.361774
732 -0.367791 -0.372674
733 -0.372447 -0.377226
734 -0.372974 -0.377657
735 -0.371156 -0.375755
736 -0.368115 -0.372652
737 -0.364166 -0.368673
738 -0.358785 -0.3633
739 -0.350674 -0.355219
740 -0.337943 -0.342547
741 -0.318365 -0.323042
742 -0.289686 -0.294456
743 -0.24996 -0.254817
744 -0.197859 -0.202782
745 -0.13294 -0.137927
746 -0.0558168 -0.0608274
747 0.0317597 0.0267511
748 0.126949 0.121996
749 0.225976 0.221104
750 0.324389 0.319615
751 0.417394 0.412744
752 0.500237 0.495728
753 0.568594 0.564224
754 0.618922 0.614677
755 0.648761 0.644637
756 0.656923 0.652878
757 0.643581 0.639592
758 0.610229 0.606259
759 0.559524 0.555546
760 0.495033 0.491029
761 0.420898 0.416847
762 0.341465 0.337386
763 0.260912 0.256795
764 0.182903 0.178753
765 0.110319 0.106183
766 0.0450773 0.0409678
767 -0.0119333 -0.0159693
768 -0.0608101 -0.0647516
769 -0.102483 -0.106288
770 -0.138476 -0.142139
771 -0.170607 -0.174119
772 -0.200672 -0.204031
773 -0.230127 -0.233323
774 -0.259835 -0.262918
775 -0.289879 -0.292851
776 -0.319477 -0.32238
777 -0.347008 -0.349871
778 -0.370147 -0.373014
779 -0.386095 -0.38898
780 -0.391879 -0.394794
781 -0.384688 -0.387641
782 -0.362224 -0.365228
783 -0.323008 -0.32602
784 -0.266619 -0.269643
785 -0.193845 -0.196841
786 -0.106712 -0.109634
787 -0.008401 -0.0112258
788 0.0969532 0.0942504
789 0.204556 0.202008
790 0.309315 0.30695
791 0.406235 0.404046
792 0.490805 0.488767
793 0.559346 0.557474
794 0.609279 0.607555
795 0.639291 0.637672
796 0.649386 0.647838
797 0.640811 0.639305
798 0.615872 0.61439
799 0.577666 0.576182
800 0.529738 0.528239
801 0.475725 0.474232
802 0.419005 0.417512
803 0.362393 0.36092
804 0.30792 0.306493
805 0.256707 0.255357
806 0.208955 0.207729
807 0.164042 0.162962
808 0.120716 0.119805
809 0.0773651 0.0766348
810 0.0323253 0.031766
811 -0.0157995 -0.0161663
812 -0.0678524 -0.0680424
813 -0.1239 -0.123938
814 -0.183101 -0.183031
815 -0.243673 -0.243524
816 -0.30299 -0.302803
817 -0.357761 -0.357542
818 -0.40432 -0.404119
819 -0.438956 -0.438757
820 -0.458282 -0.458118
821 -0.459585 -0.459437
822 -0.441125 -0.440986
823 -0.402359 -0.402198
824 -0.344055 -0.343827
825 -0.268284 -0.267959
826 -0.178303 -0.177877
827 -0.0783163 -0.0777289
828 0.0268442 0.0275892
829 0.132094 0.133026
830 0.232495 0.233599
831 0.323631 0.324908
832 0.401931 0.403358
833 0.464907 0.466454
834 0.511279 0.512918
835 0.540992 0.542706
836 0.555101 0.556831
837 0.555572 0.557324
838 0.544987 0.546722
839 0.526216 0.527948
840 0.502069 0.503784
841 0.474983 0.476709
842 0.446761 0.44851
843 0.41841 0.42022
844 0.390073 0.391965
845 0.361079 0.363103
846 0.330092 0.332257
847 0.295352 0.297696
848 0.254972 0.257485
849 0.207256 0.209951
850 0.151015 0.153882
851 0.0858312 0.0888513
852 0.0122394 0.0153769
853 -0.0681834 -0.0649428
854 -0.152848 -0.149566
855 -0.238293 -0.234988
856 -0.320428 -0.317133
857 -0.394856 -0.391579
858 -0.45724 -0.454009
859 -0.503681 -0.500498
860 -0.531076 -0.527918
861 -0.5374 -0.534246
862 -0.521908 -0.518763
863 -0.485214 -0.482016
864 -0.429257 -0.425979
865 -0.357141 -0.353753
866 -0.272879 -0.26938
867 -0.181053 -0.177406
868 -0.0864349 -0.0826332
869 0.00639934 0.0103437
870 0.0934255 0.0974882
871 0.171459 0.175633
872 0.23835 0.2426
873 0.293067 0.297358
874 0.335664 0.339959
875 0.36714 0.371426
876 0.389204 0.393449
877 0.403977 0.408173
878 0.413662 0.417796
879 0.420226 0.424319
880 0.425119 0.429188
881 0.429069 0.433148
882 0.431975 0.436079
883 0.432902 0.437054
884 0.430194 0.434441
885 0.421679 0.426046
886 0.404947 0.409452
887 0.377678 0.382325
888 0.337973 0.342749
889 0.284658 0.289558
890 0.217528 0.222522
891 0.137495 0.142558
892 0.04663 0.0517348
893 -0.051916 -0.0468153
894 -0.154099 -0.149031
895 -0.255267 -0.25027
896 -0.350517 -0.345604
897 -0.435078 -0.430241
898 -0.504704 -0.499954
899 -0.55601 -0.551325
900 -0.58675 -0.582131
901 -0.595982 -0.591382
902 -0.584116 -0.57951
903 -0.552849 -0.548208
904 -0.504977 -0.50026
905 -0.444115 -0.439325
906 -0.37436 -0.36949
907 -0.299908 -0.294933
908 -0.224696 -0.219647
909 -0.152078 -0.146952
910 -0.0845798 -0.079432
911 -0.0237569 -0.0186023
912 0.029841 0.0349684
913 0.0765888 0.0816465
914 0.117606 0.122577
915 0.154495 0.159367
916 0.189038 0.193798
917 0.222872 0.227521
918 0.257193 0.261741
919 0.292522 0.296998
920 0.328546 0.332967
921 0.364073 0.368484
922 0.397094 0.401516
923 0.424949 0.429415
924 0.444586 0.449122
925 0.452882 0.457502
926 0.446989 0.451693
927 0.424675 0.429449
928 0.384625 0.389459
929 0.326651 0.331518
930 0.251818 0.256694
931 0.162435 0.167262
932 0.0619412 0.066708
933 -0.0453242 -0.0406644
934 -0.15444 -0.149901
935 -0.260279 -0.255872
936 -0.357903 -0.353636
937 -0.442946 -0.438812
938 -0.51194 -0.507916
939 -0.562561 -0.558641
940 -0.593759 -0.589897
941 -0.605777 -0.601957
942 -0.600048 -0.596219
943 -0.578985 -0.575142
944 -0.545687 -0.541815
945 -0.503602 -0.499697
946 -0.45616 -0.452201
947 -0.406445 -0.402478
948 -0.356915 -0.352947
949 -0.309206 -0.305275
950 -0.264051 -0.260182
951 -0.221297 -0.217526
952 -0.180039 -0.176405
953 -0.138841 -0.135347
954 -0.0960181 -0.0926838
955 -0.0499589 -0.0468071
956 0.00056821 0.00357016
957 0.0561422 0.0589916
958 0.116492 0.119232
959 0.180396 0.183049
960 0.245691 0.248286
961 0.309394 0.311966
962 0.367924 0.3705
963 0.417408 0.420015
964 0.45403 0.456671
965 0.474404 0.477084
966 0.475914 0.478617
967 0.456998 0.459706
968 0.417346 0.42003
969 0.357981 0.360609
970 0.281223 0.28377
971 0.190531 0.192955
972 0.0902491 0.092527
973 -0.0147391 -0.0126348
974 -0.119392 -0.117454
975 -0.218904 -0.217137
976 -0.309073 -0.307473
977 -0.386596 -0.385129
978 -0.449278 -0.447921
979 -0.496129 -0.494854
980 -0.527337 -0.52612
981 -0.544137 -0.542948
982 -0.548573 -0.547371
983 -0.5432 -0.542002
984 -0.530746 -0.529536
985 -0.513778 -0.512569
986 -0.494398 -0.493201
987 -0.474021 -0.472874
988 -0.453239 -0.452159
989 -0.431792 -0.43082
990 -0.408652 -0.407819
991 -0.382208 -0.381544
992 -0.350527 -0.350042
993 -0.31166 -0.311373
994 -0.263975 -0.263886
995 -0.206453 -0.206527
996 -0.138933 -0.139165
997 -0.0622744 -0.062654
998 0.021597 0.0211261
999 0.109748 0.109221
1000 0.198415 0.197863
1001 0.283272 0.282699
1002 0.359776 0.359227
1003 0.423542 0.423018
1004 0.470723 0.470211
1005 0.49835 0.497843
1006 0.504601 0.504083
1007 0.488967 0.488398
1008 0.452304 0.451657
1009 0.396764 0.396006
1010 0.325607 0.32471
1011 0.242919 0.241866
1012 0.153264 0.152048
1013 0.0612987 0.0598996
1014 -0.0286088 -0.0301793
1015 -0.112711 -0.114429
1016 -0.188145 -0.189988
1017 -0.253096 -0.255035
1018 -0.306843 -0.308837
1019 -0.349696 -0.351726
1020 -0.382825 -0.38487
1021 -0.408002 -0.410041
1022 -0.427297 -0.429313
1023 -0.442747 -0.444738
1024 -0.456047 -0.458037
1025 -0.468295 -0.470295
1026 -0.479816 -0.481864
1027 -0.490089 -0.492223
1028 -0.497782 -0.500021
1029 -0.500897 -0.503271
1030 -0.497004 -0.499537
1031 -0.483541 -0.486252
1032 -0.458149 -0.461046
1033 -0.419003 -0.422071
1034 -0.365104 -0.368329
1035 -0.296498 -0.299858
1036 -0.214396 -0.21786
1037 -0.121181 -0.124709
1038 -0.0202988 -0.0238571
1039 0.0839661 0.080406
1040 0.186796 0.183255
1041 0.28321 0.279713
1042 0.36846 0.365003
1043 0.438408 0.434978
1044 0.489853 0.486446
1045 0.52078 0.517376
1046 0.530493 0.527052
1047 0.519639 0.516137
1048 0.490098 0.486495
1049 0.44478 0.441073
1050 0.387322 0.383465
1051 0.321735 0.317743
1052 0.252036 0.247912
1053 0.181892 0.177638
1054 0.114322 0.109963
1055 0.0514866 0.0470584
1056 -0.00542814 -0.00990726
1057 -0.056203 -0.0606881
1058 -0.101475 -0.105949
1059 -0.14253 -0.146944
1060 -0.181026 -0.185385
1061 -0.218676 -0.222972
1062 -0.256935 -0.261177
1063 -0.296719 -0.300918
1064 -0.338191 -0.342377
1065 -0.380639 -0.384831
1066 -0.422469 -0.426708
1067 -0.461296 -0.465598
1068 -0.494149 -0.498566
1069 -0.517753 -0.522293
1070 -0.528866 -0.533544
1071 -0.524631 -0.529434
1072 -0.502911 -0.507839
1073 -0.46257 -0.467601
1074 -0.403667 -0.408773
1075 -0.32754 -0.332691
1076 -0.23677 -0.241934
1077 -0.135033 -0.140157
1078 -0.0268433 -0.0319071
1079 0.0827869 0.07779
1080 0.188731 0.18381
1081 0.286144 0.281325
1082 0.370836 0.366097
1083 0.439573 0.434881
1084 0.490297 0.485645
1085 0.522224 0.517579
1086 0.535829 0.531159
1087 0.532712 0.527974
1088 0.515364 0.51056
1089 0.486862 0.481989
1090 0.450518 0.445548
1091 0.409529 0.404469
1092 0.366659 0.36154
1093 0.32399 0.318844
1094 0.282758 0.27761
1095 0.243305 0.238184
1096 0.205137 0.200073
1097 0.167087 0.162111
1098 0.127557 0.122692
1099 0.0848202 0.0800833
1100 0.0373415 0.0327251
1101 -0.0159216 -0.0204228
1102 -0.0752668 -0.0796677
1103 -0.140077 -0.144416
1104 -0.208753 -0.213068
1105 -0.27876 -0.283063
1106 -0.346781 -0.3511
1107 -0.408971 -0.413347
1108 -0.461282 -0.465738
1109 -0.499828 -0.504357
1110 -0.521253 -0.525854
1111 -0.523064 -0.527728
1112 -0.503895 -0.508592
1113 -0.463675 -0.468369
1114 -0.403679 -0.408348
1115 -0.326459 -0.331077
1116 -0.235657 -0.240177
1117 -0.135721 -0.140117
1118 -0.0315515 -0.0358138
1119 0.0718874 0.0677605
1120 0.169959 0.165967
1121 0.2587 0.254826
1122 0.335097 0.331328
1123 0.397258 0.393562
1124 0.44448 0.440832
1125 0.477186 0.473537
1126 0.496765 0.493112
1127 0.505317 0.501631
1128 0.505339 0.501618
1129 0.499389 0.495634
1130 0.48976 0.485984
1131 0.478203 0.47442
1132 0.465731 0.461975
1133 0.452518 0.448824
1134 0.437908 0.434319
1135 0.420534 0.417061
1136 0.398531 0.395207
1137 0.369818 0.366663
1138 0.332418 0.329448
1139 0.284785 0.281988
1140 0.22609 0.223444
1141 0.156448 0.153937
1142 0.0770399 0.0746293
1143 -0.00986261 -0.0121946
1144 -0.101 -0.103299
1145 -0.192331 -0.194608
1146 -0.279326 -0.281614
1147 -0.357331 -0.359661
1148 -0.421948 -0.424308
1149 -0.469411 -0.471791
1150 -0.496913 -0.499296
1151 -0.502847 -0.505212
1152 -0.486946 -0.48927
1153 -0.450302 -0.452533
1154 -0.395261 -0.397384
1155 -0.325214 -0.327203
1156 -0.244291 -0.246116
1157 -0.157001 -0.158657
1158 -0.0678487 -0.0693261
1159 0.0190335 0.0177198
1160 0.100201 0.099027
1161 0.173127 0.172068
1162 0.236337 0.235367
1163 0.289416 0.288496
1164 0.332916 0.332037
1165 0.368153 0.367272
1166 0.39694 0.396059
1167 0.421264 0.420356
1168 0.442969 0.442057
1169 0.463455 0.462542
1170 0.483453 0.482587
1171 0.502879 0.502074
1172 0.520795 0.520093
1173 0.535485 0.534903
1174 0.54463 0.544204
1175 0.545567 0.545323
1176 0.535613 0.535578
1177 0.512398 0.512543
1178 0.474197 0.47454
1179 0.420205 0.420705
1180 0.350728 0.35138
1181 0.267277 0.268036
1182 0.172536 0.173369
1183 0.0702224 0.0711082
1184 -0.0351659 -0.0342677
1185 -0.138679 -0.137789
1186 -0.235298 -0.234425
1187 -0.320329 -0.319474
1188 -0.389774 -0.388917
1189 -0.440639 -0.439767
1190 -0.47115 -0.470243
1191 -0.480866 -0.479895
1192 -0.470654 -0.469573
1193 -0.442565 -0.441365
1194 -0.399593 -0.398236
1195 -0.345364 -0.343843
1196 -0.283773 -0.282074
1197 -0.218624 -0.216762
1198 -0.153286 -0.151265
1199 -0.0904263 -0.0882832
1200 -0.0318256 -0.0295819
1201 0.0216966 0.0240006
1202 0.0702433 0.0725924
1203 0.114696 0.117046
1204 0.156484 0.158818
1205 0.197289 0.199593
1206 0.238732 0.24102
1207 0.28206 0.284317
1208 0.327889 0.330164
1209 0.376014 0.37831
1210 0.425327 0.427691
1211 0.473836 0.47628
1212 0.5188 0.521376
1213 0.556964 0.55969
1214 0.58486 0.587754
1215 0.599156 0.602228
1216 0.597016 0.600266
1217 0.576423 0.579826
1218 0.536441 0.539993
1219 0.477377 0.481036
1220 0.40084 0.404581
1221 0.309668 0.313432
1222 0.207752 0.211543
1223 0.0997473 0.103521
1224 -0.00927755 -0.00553766
1225 -0.114234 -0.110545
1226 -0.210405 -0.206741
1227 -0.293803 -0.290165
1228 -0.36145 -0.35782
1229 -0.411565 -0.407917
1230 -0.443627 -0.439905
1231 -0.458334 -0.454539
1232 -0.457431 -0.45352
1233 -0.443462 -0.439446
1234 -0.419448 -0.415278
1235 -0.388536 -0.384226
1236 -0.353661 -0.349225
1237 -0.317245 -0.31271
1238 -0.280977 -0.276367
1239 -0.245691 -0.241036
1240 -0.211342 -0.206669
1241 -0.177109 -0.172474
1242 -0.141581 -0.136969
1243 -0.103029 -0.0984943
1244 -0.05971 -0.0552448
1245 -0.0101921 -0.00581024
1246 0.0463564 0.0506928
1247 0.109937 0.114236
1248 0.179582 0.183871
1249 0.25332 0.25763
1250 0.328257 0.332633
1251 0.400767 0.405217
1252 0.466769 0.471326
1253 0.522076 0.526768
1254 0.562762 0.567587
1255 0.585532 0.590467
1256 0.58804 0.593069
1257 0.569129 0.574245
1258 0.528974 0.534152
1259 0.469094 0.474269
1260 0.392255 0.397413
1261 0.302254 0.307355
1262 0.203613 0.208644
1263 0.101214 0.106161
1264 -9.43204e-05 0.00475926
1265 -0.095876 -0.0910987
1266 -0.182434 -0.177723
1267 -0.257057 -0.25239
1268 -0.318168 -0.313516
1269 -0.365342 -0.36067
1270 -0.399226 -0.394516
1271 -0.421342 -0.416555
1272 -0.433816 -0.428955
1273 -0.439059 -0.434115
1274 -0.439429 -0.4344
1275 -0.436921 -0.431828
1276 -0.432918 -0.427785
1277 -0.428023 -0.422887
1278 -0.42199 -0.416884
1279 -0.413779 -0.408726
1280 -0.401703 -0.396731
1281 -0.383667 -0.378814
1282 -0.357472 -0.352759
1283 -0.321139 -0.316554
1284 -0.273235 -0.268779
1285 -0.213141 -0.208789
1286 -0.141255 -0.137002
1287 -0.0590841 -0.0548701
1288 0.030766 0.0349551
1289 0.124729 0.128916
1290 0.218511 0.222725
1291 0.307416 0.311703
1292 0.38671 0.39106
1293 0.452018 0.456436
1294 0.499685 0.504145
1295 0.527087 0.5316
1296 0.532846 0.53736
1297 0.516938 0.521426
1298 0.480679 0.485101
1299 0.426596 0.430945
1300 0.358179 0.362408
1301 0.279568 0.283672
1302 0.195185 0.199125
1303 0.109347 0.113157
1304 0.025922 0.0296145
1305 -0.0519691 -0.0483914
1306 -0.122151 -0.118654
1307 -0.183489 -0.180035
1308 -0.235867 -0.23243
1309 -0.280062 -0.276629
1310 -0.317514 -0.314065
1311 -0.350046 -0.346552
1312 -0.379538 -0.375988
1313 -0.407611 -0.404046
1314 -0.435353 -0.431783
1315 -0.463115 -0.459567
1316 -0.490399 -0.486901
1317 -0.515859 -0.512454
1318 -0.53741 -0.534116
1319 -0.552433 -0.549286
1320 -0.558066 -0.55509
1321 -0.551529 -0.54874
1322 -0.530474 -0.527867
1323 -0.4933 -0.490851
1324 -0.439409 -0.437109
1325 -0.369378 -0.367207
1326 -0.285011 -0.282922
1327 -0.189282 -0.187262
1328 -0.0861563 -0.0841597
1329 0.0196865 0.0216871
1330 0.1232 0.125221
1331 0.219361 0.221409
1332 0.303567 0.305624
1333 0.371988 0.374047
1334 0.421855 0.423904
1335 0.451649 0.453653
1336 0.461178 0.46311
1337 0.451524 0.453339
1338 0.424882 0.426564
1339 0.384306 0.385827
1340 0.333376 0.334719
1341 0.27584 0.277024
1342 0.215256 0.216281
1343 0.154672 0.155533
1344 0.096386 0.0971204
1345 0.041792 0.0424343
1346 -0.00865525 -0.00806297
1347 -0.0553685 -0.0548265
1348 -0.099454 -0.0989128
1349 -0.142457 -0.141892
1350 -0.18606 -0.185485
1351 -0.23176 -0.231175
1352 -0.280576 -0.279991
1353 -0.332806 -0.332233
1354 -0.387874 -0.387357
1355 -0.444273 -0.44384
1356 -0.499629 -0.499311
1357 -0.550868 -0.550691
1358 -0.594473 -0.594474
1359 -0.626816 -0.627021
1360 -0.644509 -0.644901
1361 -0.644766 -0.645349
1362 -0.625713 -0.626464
1363 -0.586624 -0.587531
1364 -0.528062 -0.529096
1365 -0.451899 -0.453018
1366 -0.361216 -0.362402
1367 -0.260086 -0.261293
1368 -0.153277 -0.154483
1369 -0.0458771 -0.0470614
1370 0.0570999 0.0559173
1371 0.151099 0.14991
1372 0.232361 0.231168
1373 0.298182 0.296963
1374 0.347062 0.345772
1375 0.378744 0.377362
1376 0.394131 0.392632
1377 0.395094 0.393448
1378 0.384201 0.382376
1379 0.364385 0.362387
1380 0.338598 0.336443
1381 0.309486 0.307177
1382 0.279109 0.276658
1383 0.248756 0.246214
1384 0.218848 0.216222
1385 0.188969 0.186315
1386 0.157984 0.15531
1387 0.124266 0.121622
1388 0.0859752 0.083353
1389 0.0413846 0.0388041
1390 -0.0108097 -0.0133676
1391 -0.071209 -0.0737483
1392 -0.139507 -0.142069
1393 -0.214383 -0.216984
1394 -0.2935 -0.296171
1395 -0.373624 -0.376397
1396 -0.450845 -0.453765
1397 -0.520879 -0.523953
1398 -0.579431 -0.582679
1399 -0.62257 -0.625974
1400 -0.647089 -0.650668
1401 -0.650812 -0.65453
1402 -0.632804 -0.636634
1403 -0.593484 -0.597401
1404 -0.534607 -0.538568
1405 -0.459134 -0.463119
1406 -0.370989 -0.374958
1407 -0.274732 -0.278669
1408 -0.175191 -0.179095
1409 -0.0770639 -0.0809202
1410 0.0154433 0.0116052
1411 0.098923 0.0951007
1412 0.170984 0.167153
1413 0.230361 0.226476
1414 0.276907 0.27294
1415 0.311472 0.307401
1416 0.335689 0.331509
1417 0.351684 0.347366
1418 0.36175 0.357286
1419 0.368017 0.363431
1420 0.372163 0.367475
1421 0.375188 0.370413
1422 0.377274 0.372447
1423 0.377767 0.372937
1424 0.375252 0.370422
1425 0.367744 0.362966
1426 0.352945 0.348235
1427 0.328567 0.323949
1428 0.292658 0.288106
1429 0.243919 0.239448
1430 0.181961 0.177551
1431 0.107471 0.103079
1432 0.0222829 0.0178821
1433 -0.0706793 -0.0751136
1434 -0.167563 -0.172055
1435 -0.263853 -0.268441
1436 -0.354717 -0.359425
1437 -0.435381 -0.440192
1438 -0.501524 -0.506465
1439 -0.549632 -0.554663
1440 -0.577281 -0.582393
1441 -0.583333 -0.588495
1442 -0.568006 -0.573172
1443 -0.53283 -0.537982
1444 -0.480485 -0.485593
1445 -0.414536 -0.419582
1446 -0.3391 -0.344058
1447 -0.258472 -0.263319
1448 -0.176755 -0.181517
1449 -0.0975205 -0.102212
1450 -0.0235485 -0.0281972
1451 0.0433454 0.0387217
1452 0.102367 0.0977361
1453 0.15369 0.149028
1454 0.198294 0.193572
1455 0.237722 0.232924
1456 0.273776 0.268883
1457 0.3082 0.303228
1458 0.342374 0.337335
1459 0.377052 0.371976
1460 0.412197 0.407109
1461 0.446897 0.441812
1462 0.479408 0.474386
1463 0.507294 0.502357
1464 0.527666 0.522843
1465 0.537486 0.532791
1466 0.533913 0.529358
1467 0.514646 0.510235
1468 0.478231 0.473943
1469 0.424294 0.420105
1470 0.353685 0.349582
1471 0.268497 0.264423
1472 0.171974 0.167916
1473 0.0683048 0.0642235
1474 -0.0376808 -0.0417966
1475 -0.140876 -0.145045
1476 -0.236291 -0.240515
1477 -0.319446 -0.323729
1478 -0.386704 -0.391014
1479 -0.435542 -0.439869
1480 -0.464703 -0.468984
1481 -0.474239 -0.478476
1482 -0.465429 -0.469578
1483 -0.440596 -0.444639
1484 -0.402819 -0.40672
1485 -0.355603 -0.359367
1486 -0.302515 -0.306118
1487 -0.246838 -0.25031
1488 -0.191277 -0.194635
1489 -0.137746 -0.141028
1490 -0.0872487 -0.0904615
1491 -0.0398805 -0.0430667
1492 0.00506629 0.00188986
1493 0.0489004 0.0456938
1494 0.0932582 0.0900246
1495 0.139792 0.136507
1496 0.189852 0.186534
1497 0.244209 0.240881
1498 0.302829 0.29951
1499 0.364758 0.361488
1500 0.4281 0.424901
1501 0.490114 0.487023
1502 0.547413 0.544459
1503 0.596253 0.59347
1504 0.632875 0.630278
1505 0.653869 0.651453
1506 0.656526 0.654282
1507 0.639132 0.637044
1508 0.601189 0.599238
1509 0.543516 0.541675
1510 0.468237 0.46647
1511 0.378653 0.376921
1512 0.278997 0.27727
1513 0.174112 0.172398
1514 0.0690692 0.0673316
1515 -0.0312281 -0.0329855
1516 -0.122417 -0.124176
1517 -0.200992 -0.202726
1518 -0.264536 -0.266225
1519 -0.311837 -0.313464
1520 -0.342895 -0.344421
1521 -0.3588 -0.360172
1522 -0.361526 -0.362748
1523 -0.353634 -0.35468
1524 -0.337941 -0.33882
1525 -0.317174 -0.317872
1526 -0.293665 -0.29421
1527 -0.269095 -0.269502
1528 -0.244342 -0.24466
1529 -0.219422 -0.219657
1530 -0.193553 -0.193756
1531 -0.165308 -0.165488
1532 -0.132866 -0.133077
1533 -0.0943102 -0.0945273
1534 -0.047952 -0.0481897
1535 0.00735866 0.00711142
1536 0.0719751 0.0717239
1537 0.145275 0.145069
1538 0.225584 0.225445
1539 0.310212 0.310179
1540 0.395606 0.395701
1541 0.477599 0.477864
1542 0.551736 0.552176
1543 0.613649 0.614285
1544 0.659435 0.660256
1545 0.686003 0.687008
1546 0.691365 0.69253
1547 0.674817 0.676106
1548 0.637023 0.638417
1549 0.57996 0.581407
1550 0.50676 0.508254
1551 0.421445 0.422945
1552 0.328581 0.330077
1553 0.232903 0.234398
1554 0.138925 0.140401
1555 0.0505947 0.0520782
1556 -0.0289909 -0.0274741
1557 -0.0977702 -0.096192
1558 -0.154792 -0.153127
1559 -0.200176 -0.198402
1560 -0.234959 -0.233025
1561 -0.260858 -0.258766
1562 -0.27997 -0.277709
1563 -0.294441 -0.292006
1564 -0.306152 -0.303558
1565 -0.316441 -0.313701
1566 -0.32591 -0.32307
1567 -0.334326 -0.331399
1568 -0.340626 -0.337653
1569 -0.343042 -0.340064
1570 -0.339311 -0.336342
1571 -0.326964 -0.324033
1572 -0.303649 -0.300753
1573 -0.267471 -0.264613
1574 -0.217289 -0.214453
1575 -0.152955 -0.150137
1576 -0.0754542 -0.0726156
1577 0.0130633 0.0159694
1578 0.109366 0.112376
1579 0.209342 0.212465
1580 0.308286 0.311538
1581 0.401264 0.40468
1582 0.483497 0.487075
1583 0.550752 0.554489
1584 0.59968 0.603557
1585 0.628076 0.632071
1586 0.635048 0.639134
1587 0.621052 0.625171
1588 0.587818 0.591969
1589 0.538156 0.542303
1590 0.475672 0.479793
1591 0.404427 0.408506
1592 0.328558 0.332581
1593 0.251917 0.255918
1594 0.177761 0.181741
1595 0.108509 0.112491
1596 0.0456114 0.0496444
1597 -0.0104753 -0.00638276
1598 -0.0601987 -0.0560127
1599 -0.104723 -0.100423
1600 -0.145665 -0.141224
1601 -0.184782 -0.180202
1602 -0.223655 -0.218958
1603 -0.263397 -0.258581
1604 -0.304417 -0.299498
1605 -0.346281 -0.341316
1606 -0.38767 -0.38268
1607 -0.426454 -0.42148
1608 -0.459868 -0.454933
1609 -0.484778 -0.479917
1610 -0.498004 -0.493222
1611 -0.496674 -0.49198
1612 -0.478562 -0.473953
1613 -0.442379 -0.437843
1614 -0.38799 -0.383494
1615 -0.316517 -0.312035
1616 -0.230334 -0.225841
1617 -0.132937 -0.128388
1618 -0.028709 -0.0240817
1619 0.0774038 0.0821226
1620 0.18027 0.18509
1621 0.274969 0.279893
1622 0.357175 0.362203
1623 0.42347 0.428563
1624 0.47159 0.476736
1625 0.500541 0.505692
1626 0.510617 0.515765
1627 0.503279 0.508366
1628 0.480945 0.485969
1629 0.446697 0.451629
1630 0.403927 0.408753
1631 0.35599 0.36073
1632 0.30587 0.310519
1633 0.255909 0.260493
1634 0.207623 0.212179
1635 0.161626 0.166176
1636 0.117663 0.122244
1637 0.0747483 0.0793718
1638 0.0313942 0.0361039
1639 -0.0140997 -0.00931271
1640 -0.0633286 -0.058469
1641 -0.117472 -0.112534
1642 -0.177031 -0.172032
1643 -0.241633 -0.236611
1644 -0.309945 -0.304945
1645 -0.37969 -0.374723
1646 -0.447778 -0.442894
1647 -0.510538 -0.505771
1648 -0.564029 -0.559389
1649 -0.604393 -0.599883
1650 -0.628229 -0.623872
1651 -0.632933 -0.628713
1652 -0.616973 -0.612869
1653 -0.580084 -0.576068
1654 -0.523339 -0.519379
1655 -0.449105 -0.445177
1656 -0.36088 -0.35695
1657 -0.263026 -0.259067
1658 -0.160425 -0.156425
1659 -0.0580963 -0.0540474
1660 0.0392015 0.0432896
1661 0.127327 0.13144
1662 0.203051 0.207178
1663 0.264255 0.268351
1664 0.310016 0.314055
1665 0.340577 0.344535
1666 0.357204 0.361047
1667 0.361943 0.36564
1668 0.357321 0.360872
1669 0.346006 0.349398
1670 0.330475 0.333734
1671 0.312721 0.31585
1672 0.294034 0.29706
1673 0.274875 0.277821
1674 0.25486 0.257771
1675 0.232854 0.235761
1676 0.20716 0.21008
1677 0.17579 0.17874
1678 0.136777 0.139771
1679 0.0884991 0.091528
1680 0.0299818 0.0330291
1681 -0.0388651 -0.035822
1682 -0.117097 -0.11407
1683 -0.20269 -0.199726
1684 -0.292616 -0.289761
1685 -0.383026 -0.380308
1686 -0.469526 -0.466963
1687 -0.547525 -0.54513
1688 -0.612615 -0.6104
1689 -0.660953 -0.658922
1690 -0.689591 -0.687723
1691 -0.696745 -0.695033
1692 -0.681949 -0.680343
1693 -0.646106 -0.644587
1694 -0.591402 -0.589927
1695 -0.521117 -0.519677
1696 -0.439337 -0.437895
1697 -0.350599 -0.349151
1698 -0.25951 -0.258059
1699 -0.17037 -0.168914
1700 -0.0868395 -0.085387
1701 -0.0116881 -0.0102854
1702 0.0533601 0.0546894
1703 0.107666 0.108884
1704 0.151602 0.1527
1705 0.186371 0.187303
1706 0.213751 0.21451
1707 0.235778 0.236348
1708 0.254428 0.25483
1709 0.271302 0.271527
1710 0.287384 0.287479
1711 0.302872 0.302841
1712 0.317114 0.317006
1713 0.328654 0.328499
1714 0.335388 0.335216
1715 0.334801 0.334623
1716 0.324278 0.324132
1717 0.301439 0.301316
1718 0.264469 0.264369
1719 0.212407 0.212294
1720 0.145357 0.145226
1721 0.0646027 0.0644218
1722 -0.0273942 -0.0276574
1723 -0.127116 -0.127501
1724 -0.230217 -0.230746
1725 -0.331836 -0.33255
1726 -0.426972 -0.427873
1727 -0.510879 -0.511959
1728 -0.57944 -0.580687
1729 -0.629494 -0.630909
1730 -0.659074 -0.660624
1731 -0.667536 -0.669191
1732 -0.655567 -0.657295
1733 -0.625077 -0.62685
1734 -0.578983 -0.580762
1735 -0.520903 -0.522673
1736 -0.454805 -0.456578
1737 -0.384633 -0.386394
1738 -0.313964 -0.315725
1739 -0.245713 -0.247496
1740 -0.181928 -0.183774
1741 -0.12369 -0.125612
1742 -0.0711257 -0.0731523
1743 -0.0235282 -0.0257036
1744 0.0204283 0.0180861
1745 0.0624073 0.0599023
1746 0.104094 0.101415
1747 0.146882 0.14403
1748 0.191596 0.188591
1749 0.238289 0.235177
1750 0.286128 0.282921
1751 0.333391 0.330124
1752 0.377581 0.374294
1753 0.415628 0.412353
1754 0.444182 0.440946
1755 0.459953 0.456752
1756 0.460068 0.456909
1757 0.442401 0.439281
1758 0.405851 0.402755
1759 0.350525 0.347416
1760 0.277821 0.274669
1761 0.190379 0.187149
1762 0.0919253 0.0886069
1763 -0.0129918 -0.0164507
1764 -0.119345 -0.122947
1765 -0.222013 -0.225759
1766 -0.316183 -0.320083
1767 -0.397709 -0.401751
1768 -0.463416 -0.467576
1769 -0.511309 -0.515544
1770 -0.540663 -0.544944
1771 -0.551998 -0.55632
1772 -0.54694 -0.551249
1773 -0.527979 -0.532252
1774 -0.498163 -0.502394
1775 -0.460744 -0.464928
1776 -0.418835 -0.42298
1777 -0.375093 -0.379191
1778 -0.331479 -0.335586
1779 -0.289106 -0.293248
1780 -0.248202 -0.252399
1781 -0.208169 -0.212436
1782 -0.167766 -0.17216
1783 -0.12535 -0.129858
1784 -0.0791837 -0.0838391
1785 -0.0277562 -0.0325398
1786 0.0299189 0.0250056
1787 0.0940565 0.0890509
1788 0.163938 0.158871
1789 0.237855 0.232762
1790 0.313162 0.308065
1791 0.386441 0.381383
1792 0.453766 0.448757
1793 0.51103 0.506113
1794 0.554313 0.549495
1795 0.580252 0.575529
1796 0.586372 0.581719
1797 0.571342 0.566747
1798 0.535135 0.530571
1799 0.479076 0.474513
1800 0.405757 0.401153
1801 0.318849 0.314201
1802 0.222812 0.218084
1803 0.122534 0.117701
1804 0.022943 0.018012
1805 -0.0713792 -0.0763913
1806 -0.15654 -0.161616
1807 -0.229605 -0.234734
1808 -0.288762 -0.2939
1809 -0.333376 -0.338493
1810 -0.363923 -0.368997
1811 -0.381818 -0.386816
1812 -0.389157 -0.394054
1813 -0.388402 -0.393192
1814 -0.382043 -0.386726
1815 -0.372279 -0.376867
1816 -0.360747 -0.365261
1817 -0.348331 -0.352801
1818 -0.335076 -0.339525
1819 -0.320204 -0.324661
1820 -0.302246 -0.30675
1821 -0.279257 -0.283819
1822 -0.249109 -0.253755
1823 -0.209813 -0.21454
1824 -0.15984 -0.164646
1825 -0.0984127 -0.103282
1826 -0.0257151 -0.0306053
1827 0.056982 0.0520861
1828 0.147315 0.142456
1829 0.241934 0.237143
1830 0.336718 0.332029
1831 0.42708 0.422522
1832 0.508326 0.503902
1833 0.576047 0.571777
1834 0.626487 0.622349
1835 0.656865 0.652851
1836 0.665616 0.661707
1837 0.652518 0.648682
1838 0.618704 0.614916
1839 0.566552 0.56277
1840 0.499463 0.495663
1841 0.421555 0.417723
1842 0.337302 0.333436
1843 0.251149 0.247253
1844 0.167149 0.163225
1845 0.0886531 0.084717
1846 0.0180887 0.0141779
1847 -0.0431622 -0.0470177
1848 -0.094767 -0.0985261
1849 -0.137335 -0.140973
1850 -0.172215 -0.175718
1851 -0.201214 -0.204561
1852 -0.226285 -0.229474
1853 -0.2492 -0.252226
1854 -0.271265 -0.274155
1855 -0.293093 -0.295858
1856 -0.314471 -0.317151
1857 -0.334334 -0.33697
1858 -0.350846 -0.353459
1859 -0.361587 -0.364202
1860 -0.363821 -0.366455
1861 -0.354817 -0.357488
1862 -0.332192 -0.33491
1863 -0.294238 -0.296982
1864 -0.240192 -0.242945
1865 -0.170421 -0.17315
1866 -0.0865067 -0.0891855
1867 0.00879173 0.00620629
1868 0.111691 0.109223
1869 0.21764 0.215315
1870 0.321657 0.319501
1871 0.41871 0.416737
1872 0.504118 0.502329
1873 0.573914 0.572282
1874 0.625146 0.623671
1875 0.656096 0.654751
1876 0.666368 0.665094
1877 0.656872 0.65567
1878 0.629681 0.628516
1879 0.587788 0.586638
1880 0.53479 0.533626
1881 0.47453 0.473355
1882 0.41073 0.409563
1883 0.346661 0.345505
1884 0.284878 0.283756
1885 0.227049 0.226004
1886 0.173885 0.172934
1887 0.125193 0.124378
1888 0.0800247 0.0793567
1889 0.0369172 0.0364332
1890 -0.0058131 -0.00610944
1891 -0.0497514 -0.0498551
1892 -0.0960791 -0.0960163
1893 -0.145318 -0.145101
1894 -0.197153 -0.196802
1895 -0.250352 -0.249902
1896 -0.302806 -0.302308
1897 -0.351665 -0.351123
1898 -0.393581 -0.393041
1899 -0.42502 -0.424495
1900 -0.442614 -0.442123
1901 -0.443518 -0.443047
1902 -0.425731 -0.425267
1903 -0.388355 -0.38788
1904 -0.33175 -0.331228
1905 -0.257581 -0.256988
1906 -0.16874 -0.168045
1907 -0.0691611 -0.0683271
1908 0.0364754 0.0374723
1909 0.143096 0.144255
1910 0.245628 0.246975
1911 0.339396 0.34093
1912 0.420464 0.422145
1913 0.48592 0.487734
1914 0.534047 0.535961
1915 0.564383 0.566382
1916 0.577668 0.579714
1917 0.575668 0.577722
1918 0.560919 0.562989
1919 0.536402 0.538445
1920 0.505199 0.507226
1921 0.47015 0.472168
1922 0.433566 0.435609
1923 0.397012 0.399096
1924 0.361195 0.363351
1925 0.325958 0.328217
1926 0.29038 0.292774
1927 0.252981 0.25553
1928 0.211991 0.214707
1929 0.165665 0.16857
1930 0.1126 0.115683
1931 0.0520261 0.0552548
1932 -0.0159749 -0.012623
1933 -0.0903332 -0.0868729
1934 -0.16897 -0.165439
1935 -0.248887 -0.24533
1936 -0.326364 -0.322812
1937 -0.39725 -0.39372
1938 -0.457305 -0.453812
1939 -0.502581 -0.499145
1940 -0.529783 -0.52638
1941 -0.536589 -0.53321
1942 -0.521881 -0.51851
1943 -0.485878 -0.482488
1944 -0.430145 -0.426694
1945 -0.357485 -0.353943
1946 -0.271715 -0.268061
1947 -0.177358 -0.173576
1948 -0.0792737 -0.0753398
1949 0.0177359 0.0218098
1950 0.109298 0.113499
1951 0.191795 0.196112
1952 0.2626 0.267004
1953 0.320215 0.324668
1954 0.364286 0.368754
1955 0.395508 0.399975
1956 0.415424 0.419864
1957 0.426151 0.430531
1958 0.430055 0.434369
1959 0.429421 0.433687
1960 0.426145 0.430372
1961 0.42149 0.425704
1962 0.415928 0.420152
1963 0.409088 0.413358
1964 0.399809 0.404144
1965 0.386307 0.390746
1966 0.366414 0.370968
1967 0.337892 0.342597
1968 0.298756 0.303582
1969 0.247597 0.252552
1970 0.18385 0.188895
1971 0.107985 0.113112
1972 0.0215985 0.0267719
1973 -0.0726167 -0.0674375
1974 -0.171009 -0.165858
1975 -0.269217 -0.264124
1976 -0.36249 -0.357476
1977 -0.44607 -0.441151
1978 -0.515578 -0.510753
1979 -0.567376 -0.562633
1980 -0.598873 -0.594203
1981 -0.608735 -0.604102
1982 -0.596983 -0.592367
1983 -0.564972 -0.560343
1984 -0.51525 -0.510574
1985 -0.451314 -0.446565
1986 -0.377281 -0.372443
1987 -0.297525 -0.292614
1988 -0.216296 -0.211293
1989 -0.137373 -0.132306
1990 -0.0637764 -0.0586685
1991 0.00242047 0.00753596
1992 0.0601788 0.0652886
1993 0.109463 0.114513
1994 0.151105 0.156066
1995 0.18657 0.191427
1996 0.217672 0.222431
1997 0.246247 0.250872
1998 0.273843 0.278366
1999 0.301448 0.305882
